0 1
0 5
0 8
0 9
0 10
0 11
0 13
0 19
0 33
1 0
1 4
1 5
1 8
1 10
1 11
1 13
1 33
1 34
2 3
2 6
2 12
2 21
2 36
2 37
2 38
3 2
3 4
3 6
3 12
3 21
3 36
3 37
3 38
4 1
4 3
4 5
4 11
4 12
4 13
4 14
4 18
4 19
4 21
4 22
4 33
4 34
4 35
4 36
4 37
4 38
4 45
5 1
5 4
5 10
5 11
5 12
5 13
5 18
5 19
5 20
5 21
5 22
5 23
5 24
5 25
5 26
5 27
5 28
5 31
5 34
5 36
5 37
5 40
5 45
6 2
6 3
6 21
6 33
6 37
6 38
7 12
7 19
7 20
7 25
7 27
7 28
7 31
7 37
7 40
7 41
7 42
7 43
7 45
7 46
8 0
8 1
8 5
8 10
8 19
8 33
9 0
9 1
9 10
9 21
9 33
10 0
10 1
10 5
10 8
10 11
10 13
10 33
10 34
11 1
11 3
11 4
11 5
11 10
11 12
11 13
11 19
11 21
11 33
11 34
11 37
11 38
12 2
12 4
12 5
12 7
12 11
12 13
12 14
12 18
12 19
12 20
12 21
12 22
12 25
12 31
12 36
12 37
12 38
12 45
13 0
13 1
13 4
13 5
13 10
13 11
13 12
13 18
13 20
13 21
13 22
13 25
13 26
13 27
13 28
13 32
13 33
13 34
13 36
13 40
13 45
14 4
14 12
14 17
14 19
14 30
15 17
15 30
15 37
15 38
15 43
16 14
16 15
16 30
16 43
17 14
17 15
17 19
17 20
17 30
17 36
17 43
18 4
18 12
18 20
18 22
18 25
18 26
18 28
18 31
18 42
18 43
19 4
19 5
19 11
19 12
19 13
19 14
19 18
19 20
19 21
19 22
19 25
19 26
19 31
19 36
19 37
19 43
19 45
20 12
20 13
20 19
20 22
20 25
20 26
20 27
20 29
20 36
20 37
20 41
20 42
20 43
20 44
20 45
21 2
21 3
21 4
21 5
21 11
21 12
21 13
21 32
21 33
21 37
21 38
22 4
22 7
22 11
22 12
22 18
22 19
22 20
22 25
22 26
22 27
22 30
22 31
22 37
22 39
22 40
22 41
22 42
22 43
22 45
23 12
23 31
24 11
24 12
24 27
24 31
24 45
25 7
25 12
25 18
25 19
25 20
25 22
25 27
25 31
25 36
25 40
25 41
25 42
25 44
25 45
26 19
26 20
26 27
26 31
26 36
26 40
26 42
26 45
27 4
27 7
27 13
27 19
27 20
27 22
27 25
27 26
27 28
27 31
27 39
27 40
27 41
27 42
27 43
27 44
27 45
28 7
28 18
28 27
28 31
28 39
28 40
28 41
28 43
28 45
29 14
29 15
29 17
29 43
30 15
30 17
30 43
31 5
31 11
31 12
31 18
31 19
31 22
31 25
31 26
31 27
31 39
31 43
31 45
32 4
32 5
32 13
32 19
32 21
32 33
33 0
33 1
33 2
33 3
33 4
33 5
33 6
33 8
33 9
33 10
33 11
33 13
33 21
33 32
33 34
33 37
34 4
34 5
34 10
34 11
34 13
35 4
35 14
35 36
35 37
35 38
36 2
36 3
36 4
36 12
36 13
36 19
36 20
36 25
36 26
36 35
36 37
36 38
37 2
37 3
37 4
37 7
37 12
37 14
37 15
37 17
37 20
37 21
37 25
37 30
37 35
37 36
37 38
37 39
37 40
37 41
37 43
38 2
38 3
38 4
38 12
38 14
38 15
38 20
38 21
38 30
38 35
38 36
38 37
38 39
38 43
39 26
39 27
39 28
39 31
39 40
39 41
39 42
39 43
40 5
40 11
40 19
40 20
40 25
40 26
40 27
40 28
40 39
40 41
40 42
40 43
40 44
40 45
40 46
41 19
41 20
41 22
41 25
41 27
41 28
41 31
41 37
41 39
41 40
41 42
41 43
41 44
41 45
42 7
42 18
42 19
42 20
42 25
42 26
42 27
42 31
42 39
42 40
42 41
42 43
43 4
43 7
43 15
43 16
43 17
43 18
43 19
43 20
43 22
43 27
43 28
43 29
43 30
43 37
43 38
43 39
43 40
43 41
43 42
43 44
44 19
44 20
44 26
44 27
44 31
44 39
44 41
44 43
44 45
45 4
45 11
45 12
45 13
45 19
45 20
45 25
45 26
45 27
45 31
45 37
45 41
45 43
46 7
46 29
46 30
46 40
46 43
