42 11
42 25
42 12
42 21
42 38
42 19
42 37
42 43
42 2
42 5
42 4
42 36
42 13
29 13
29 14
29 22
29 19
29 3
29 20
24 27
24 16
24 31
24 45
24 3
24 12
25 45
25 43
25 3
25 5
25 4
25 8
25 38
25 11
25 10
25 13
25 12
25 14
25 17
25 31
25 37
25 36
26 10
26 13
26 21
26 16
26 19
26 37
26 36
26 43
26 38
26 5
26 4
26 39
26 12
26 44
27 21
27 22
27 28
27 43
27 0
27 5
27 4
27 6
27 39
27 12
27 11
27 10
27 13
27 38
27 15
27 19
27 37
27 33
20 21
20 22
20 46
20 45
20 43
20 40
20 1
20 0
20 3
20 2
20 5
20 7
20 6
20 38
20 13
20 12
20 17
20 33
20 37
20 36
21 11
21 13
21 22
21 19
21 32
21 40
21 1
21 33
21 5
21 9
22 43
22 40
22 41
22 3
22 5
22 4
22 7
22 38
22 11
22 10
22 13
22 12
22 18
22 31
22 30
22 37
22 35
23 31
23 12
23 43
46 40
46 5
46 4
46 7
44 12
44 19
44 45
44 37
44 13
44 43
44 33
44 3
44 36
44 5
45 43
45 40
45 1
45 3
45 2
45 5
45 4
45 8
45 11
45 13
45 12
45 31
45 37
45 36
45 35
45 33
28 13
28 33
28 18
28 37
28 40
28 43
28 1
28 0
28 5
28 9
43 40
43 41
43 1
43 4
43 7
43 11
43 39
43 38
43 19
43 18
43 31
43 37
43 36
40 0
40 5
40 4
40 9
40 12
40 11
40 13
40 38
40 19
40 37
40 36
40 34
41 1
41 0
41 2
41 5
41 38
41 11
41 13
41 12
41 32
41 31
41 30
41 37
41 36
1 17
1 18
1 4
1 7
0 37
0 31
0 30
0 19
3 11
3 33
3 18
2 33
2 19
2 7
2 18
5 4
5 7
5 6
5 11
5 39
5 12
5 19
5 18
5 31
5 30
5 37
5 36
5 35
5 33
4 9
4 8
4 11
4 13
4 15
4 19
4 18
4 34
4 33
4 32
7 8
7 11
7 10
7 13
7 12
7 14
7 37
7 35
6 33
6 31
6 19
9 19
8 39
8 19
39 13
39 33
39 34
39 35
39 38
39 37
39 12
38 11
38 15
38 16
38 19
38 31
38 30
11 12
11 19
11 31
11 30
11 37
10 15
10 14
10 18
10 31
13 12
13 15
13 18
13 31
13 36
13 19
12 19
12 18
12 31
12 34
15 32
15 37
14 17
14 16
14 19
14 31
14 30
14 33
17 19
17 31
17 37
17 36
17 34
19 33
19 18
19 37
19 36
19 34
19 32
18 37
31 37
31 33
30 37
30 36
37 32
37 34
37 33
