gen_Xbest[0]:
[0.30812249790635104, 0.33722765851391884, 0.22410268915649675, 0.07806649408952682, 0.32125672373765757, 0.3920132043073966, 0.1383255755102584, 0.12760409580828844, 0.8908331762920345, 0.4614023635986746, 0.6390569680757774, 0.5392864529053791, 0.548901289543455]
[0.6917784136860691, 0.6626739184817988, 0.7128114858476109, 0.6979660884662414, 0.3922255419585526, 0.1431901786386475, 0.5474186913936697, 0.31316918304459995, 0.06863334377240103, 0.17098413440184845, 0.035929328107361394, 0.05305137947650393, 0.13393405368363404]
[9.908840757989366e-05, 9.84230042823731e-05, 0.06308582499589233, 0.22396741744423182, 0.28651773430378996, 0.4647966170539559, 0.3142557330960719, 0.5592267211471116, 0.040533479935564394, 0.36761350199947695, 0.32501370381686134, 0.40766216761811697, 0.31716465677291106]

gen_Xbest[1]:
[0.22365905192283525, 0.2951010952818892, 0.3847025764719028, 0.15340701681623514, 0.25704705551031787, 0.2369686295137861, 0.0725231421631865, 0.37329519433705927, 0.3790688819667599, 0.6768168461001907, 0.6304991125208662, 0.6414084114757019, 0.7737514808752415]
[0.7287406913102944, 0.6446048375837418, 0.6151991492436647, 0.6721992574090709, 0.7075504985100527, 9.872465241450373e-05, 0.2715821743086184, 9.560192996129792e-05, 9.688482062820757e-05, 0.09974240968814128, 0.36943775096416526, 0.22237417045264435, 0.16273582216063442]
[0.04760025676687041, 0.060294067134368995, 9.827428443246035e-05, 0.17439372577469395, 0.03540244597962943, 0.7629326458337994, 0.655894683528195, 0.6266092037329795, 0.6208342332126119, 0.22344074421166815, 6.313651496863024e-05, 0.1362174180716538, 0.06351269696412412]

gen_Xbest[2]:
[0.000227656891678611, 0.0002508639597841936, 0.3572061684096592, 0.0002728639085146749, 0.18702359566556406, 0.00014052577258303513, 0.0002744964284282316, 0.1591855633021797, 0.15917286810299097, 0.9994168594141273, 0.5480082511310024, 0.7782007537713121, 0.9996133103445535]
[0.9995446862166428, 0.9994982720804316, 0.642610533100529, 0.9994542721829707, 0.8126361996572528, 0.00014052577258303513, 0.0002744964284282316, 0.0001628150284732933, 0.00020136249944790292, 0.0002915702929363682, 0.45180230755046896, 0.2212598200343525, 0.00019334482772326577]
[0.000227656891678611, 0.0002508639597841936, 0.00018329848981199698, 0.0002728639085146749, 0.00034020467718325086, 0.999718948454834, 0.9994510071431436, 0.840651621669347, 0.8406257693975612, 0.0002915702929363682, 0.00018944131852870343, 0.0005394261943353882, 0.00019334482772326577]

gen_Xbest[3]:
[0.000227656891678611, 0.0002508639597841936, 0.3572061684096592, 0.0002728639085146749, 0.18702359566556406, 0.00014052577258303513, 0.0002744964284282316, 0.1591855633021797, 0.15917286810299097, 0.9994168594141273, 0.5480082511310024, 0.7782007537713121, 0.9996133103445535]
[0.9995446862166428, 0.9994982720804316, 0.642610533100529, 0.9994542721829707, 0.8126361996572528, 0.00014052577258303513, 0.0002744964284282316, 0.0001628150284732933, 0.00020136249944790292, 0.0002915702929363682, 0.45180230755046896, 0.2212598200343525, 0.00019334482772326577]
[0.000227656891678611, 0.0002508639597841936, 0.00018329848981199698, 0.0002728639085146749, 0.00034020467718325086, 0.999718948454834, 0.9994510071431436, 0.840651621669347, 0.8406257693975612, 0.0002915702929363682, 0.00018944131852870343, 0.0005394261943353882, 0.00019334482772326577]

gen_Xbest[4]:
[0.000227656891678611, 0.0002508639597841936, 0.3572061684096592, 0.0002728639085146749, 0.18702359566556406, 0.00014052577258303513, 0.0002744964284282316, 0.1591855633021797, 0.15917286810299097, 0.9994168594141273, 0.5480082511310024, 0.7782007537713121, 0.9996133103445535]
[0.9995446862166428, 0.9994982720804316, 0.642610533100529, 0.9994542721829707, 0.8126361996572528, 0.00014052577258303513, 0.0002744964284282316, 0.0001628150284732933, 0.00020136249944790292, 0.0002915702929363682, 0.45180230755046896, 0.2212598200343525, 0.00019334482772326577]
[0.000227656891678611, 0.0002508639597841936, 0.00018329848981199698, 0.0002728639085146749, 0.00034020467718325086, 0.999718948454834, 0.9994510071431436, 0.840651621669347, 0.8406257693975612, 0.0002915702929363682, 0.00018944131852870343, 0.0005394261943353882, 0.00019334482772326577]

gen_Xbest[5]:
[0.00021033663833874383, 0.00019261919605437813, 0.4178818015270859, 0.0002595179596162289, 0.00020762584205909622, 0.00016416511624697767, 0.00016046434206895145, 0.30509173439118265, 0.0001994342081539228, 0.9997561229897544, 0.6024601169672309, 0.900255255523622, 0.9994429920046397]
[0.9996348432016652, 0.9995883364019161, 0.5819530500358511, 0.9994685383673904, 0.9995847483158818, 8.257726413220005e-05, 0.0001353835512645072, 0.00013321480954378933, 0.0001876868229244391, 0.0001219385051228454, 0.3973965382558004, 0.09849572760941983, 0.00023856864527704]
[0.00015482015999603168, 0.00021904440202951097, 0.0001651484370630992, 0.0002719436729933509, 0.00020762584205909622, 0.9997532576196209, 0.9997041521066665, 0.6947750507992735, 0.9996128789689217, 0.0001219385051228454, 0.00014334477696878933, 0.0012490168669581124, 0.0003184393500831899]

gen_Xbest[6]:
[0.00021033663833874383, 0.00019261919605437813, 0.4178818015270859, 0.0002595179596162289, 0.00020762584205909622, 0.00016416511624697767, 0.00016046434206895145, 0.30509173439118265, 0.0001994342081539228, 0.9997561229897544, 0.6024601169672309, 0.900255255523622, 0.9994429920046397]
[0.9996348432016652, 0.9995883364019161, 0.5819530500358511, 0.9994685383673904, 0.9995847483158818, 8.257726413220005e-05, 0.0001353835512645072, 0.00013321480954378933, 0.0001876868229244391, 0.0001219385051228454, 0.3973965382558004, 0.09849572760941983, 0.00023856864527704]
[0.00015482015999603168, 0.00021904440202951097, 0.0001651484370630992, 0.0002719436729933509, 0.00020762584205909622, 0.9997532576196209, 0.9997041521066665, 0.6947750507992735, 0.9996128789689217, 0.0001219385051228454, 0.00014334477696878933, 0.0012490168669581124, 0.0003184393500831899]

gen_Xbest[7]:
[0.00021033663833874383, 0.00019261919605437813, 0.4178818015270859, 0.0002595179596162289, 0.00020762584205909622, 0.00016416511624697767, 0.00016046434206895145, 0.30509173439118265, 0.0001994342081539228, 0.9997561229897544, 0.6024601169672309, 0.900255255523622, 0.9994429920046397]
[0.9996348432016652, 0.9995883364019161, 0.5819530500358511, 0.9994685383673904, 0.9995847483158818, 8.257726413220005e-05, 0.0001353835512645072, 0.00013321480954378933, 0.0001876868229244391, 0.0001219385051228454, 0.3973965382558004, 0.09849572760941983, 0.00023856864527704]
[0.00015482015999603168, 0.00021904440202951097, 0.0001651484370630992, 0.0002719436729933509, 0.00020762584205909622, 0.9997532576196209, 0.9997041521066665, 0.6947750507992735, 0.9996128789689217, 0.0001219385051228454, 0.00014334477696878933, 0.0012490168669581124, 0.0003184393500831899]

gen_Xbest[8]:
[0.00021033663833874383, 0.00019261919605437813, 0.4178818015270859, 0.0002595179596162289, 0.00020762584205909622, 0.00016416511624697767, 0.00016046434206895145, 0.30509173439118265, 0.0001994342081539228, 0.9997561229897544, 0.6024601169672309, 0.900255255523622, 0.9994429920046397]
[0.9996348432016652, 0.9995883364019161, 0.5819530500358511, 0.9994685383673904, 0.9995847483158818, 8.257726413220005e-05, 0.0001353835512645072, 0.00013321480954378933, 0.0001876868229244391, 0.0001219385051228454, 0.3973965382558004, 0.09849572760941983, 0.00023856864527704]
[0.00015482015999603168, 0.00021904440202951097, 0.0001651484370630992, 0.0002719436729933509, 0.00020762584205909622, 0.9997532576196209, 0.9997041521066665, 0.6947750507992735, 0.9996128789689217, 0.0001219385051228454, 0.00014334477696878933, 0.0012490168669581124, 0.0003184393500831899]

gen_Xbest[9]:
[0.00021033663833874383, 0.00019261919605437813, 0.4178818015270859, 0.0002595179596162289, 0.00020762584205909622, 0.00016416511624697767, 0.00016046434206895145, 0.30509173439118265, 0.0001994342081539228, 0.9997561229897544, 0.6024601169672309, 0.900255255523622, 0.9994429920046397]
[0.9996348432016652, 0.9995883364019161, 0.5819530500358511, 0.9994685383673904, 0.9995847483158818, 8.257726413220005e-05, 0.0001353835512645072, 0.00013321480954378933, 0.0001876868229244391, 0.0001219385051228454, 0.3973965382558004, 0.09849572760941983, 0.00023856864527704]
[0.00015482015999603168, 0.00021904440202951097, 0.0001651484370630992, 0.0002719436729933509, 0.00020762584205909622, 0.9997532576196209, 0.9997041521066665, 0.6947750507992735, 0.9996128789689217, 0.0001219385051228454, 0.00014334477696878933, 0.0012490168669581124, 0.0003184393500831899]

gen_Xbest[10]:
[0.00021033663833874383, 0.00019261919605437813, 0.4178818015270859, 0.0002595179596162289, 0.00020762584205909622, 0.00016416511624697767, 0.00016046434206895145, 0.30509173439118265, 0.0001994342081539228, 0.9997561229897544, 0.6024601169672309, 0.900255255523622, 0.9994429920046397]
[0.9996348432016652, 0.9995883364019161, 0.5819530500358511, 0.9994685383673904, 0.9995847483158818, 8.257726413220005e-05, 0.0001353835512645072, 0.00013321480954378933, 0.0001876868229244391, 0.0001219385051228454, 0.3973965382558004, 0.09849572760941983, 0.00023856864527704]
[0.00015482015999603168, 0.00021904440202951097, 0.0001651484370630992, 0.0002719436729933509, 0.00020762584205909622, 0.9997532576196209, 0.9997041521066665, 0.6947750507992735, 0.9996128789689217, 0.0001219385051228454, 0.00014334477696878933, 0.0012490168669581124, 0.0003184393500831899]

gen_Xbest[11]:
[0.00021033663833874383, 0.00019261919605437813, 0.4178818015270859, 0.0002595179596162289, 0.00020762584205909622, 0.00016416511624697767, 0.00016046434206895145, 0.30509173439118265, 0.0001994342081539228, 0.9997561229897544, 0.6024601169672309, 0.900255255523622, 0.9994429920046397]
[0.9996348432016652, 0.9995883364019161, 0.5819530500358511, 0.9994685383673904, 0.9995847483158818, 8.257726413220005e-05, 0.0001353835512645072, 0.00013321480954378933, 0.0001876868229244391, 0.0001219385051228454, 0.3973965382558004, 0.09849572760941983, 0.00023856864527704]
[0.00015482015999603168, 0.00021904440202951097, 0.0001651484370630992, 0.0002719436729933509, 0.00020762584205909622, 0.9997532576196209, 0.9997041521066665, 0.6947750507992735, 0.9996128789689217, 0.0001219385051228454, 0.00014334477696878933, 0.0012490168669581124, 0.0003184393500831899]

gen_Xbest[12]:
[0.00021033663833874383, 0.00019261919605437813, 0.4178818015270859, 0.0002595179596162289, 0.00020762584205909622, 0.00016416511624697767, 0.00016046434206895145, 0.30509173439118265, 0.0001994342081539228, 0.9997561229897544, 0.6024601169672309, 0.900255255523622, 0.9994429920046397]
[0.9996348432016652, 0.9995883364019161, 0.5819530500358511, 0.9994685383673904, 0.9995847483158818, 8.257726413220005e-05, 0.0001353835512645072, 0.00013321480954378933, 0.0001876868229244391, 0.0001219385051228454, 0.3973965382558004, 0.09849572760941983, 0.00023856864527704]
[0.00015482015999603168, 0.00021904440202951097, 0.0001651484370630992, 0.0002719436729933509, 0.00020762584205909622, 0.9997532576196209, 0.9997041521066665, 0.6947750507992735, 0.9996128789689217, 0.0001219385051228454, 0.00014334477696878933, 0.0012490168669581124, 0.0003184393500831899]

gen_Xbest[13]:
[0.00021033663833874383, 0.00019261919605437813, 0.4178818015270859, 0.0002595179596162289, 0.00020762584205909622, 0.00016416511624697767, 0.00016046434206895145, 0.30509173439118265, 0.0001994342081539228, 0.9997561229897544, 0.6024601169672309, 0.900255255523622, 0.9994429920046397]
[0.9996348432016652, 0.9995883364019161, 0.5819530500358511, 0.9994685383673904, 0.9995847483158818, 8.257726413220005e-05, 0.0001353835512645072, 0.00013321480954378933, 0.0001876868229244391, 0.0001219385051228454, 0.3973965382558004, 0.09849572760941983, 0.00023856864527704]
[0.00015482015999603168, 0.00021904440202951097, 0.0001651484370630992, 0.0002719436729933509, 0.00020762584205909622, 0.9997532576196209, 0.9997041521066665, 0.6947750507992735, 0.9996128789689217, 0.0001219385051228454, 0.00014334477696878933, 0.0012490168669581124, 0.0003184393500831899]

gen_Xbest[14]:
[0.00021033663833874383, 0.00019261919605437813, 0.4178818015270859, 0.0002595179596162289, 0.00020762584205909622, 0.00016416511624697767, 0.00016046434206895145, 0.30509173439118265, 0.0001994342081539228, 0.9997561229897544, 0.6024601169672309, 0.900255255523622, 0.9994429920046397]
[0.9996348432016652, 0.9995883364019161, 0.5819530500358511, 0.9994685383673904, 0.9995847483158818, 8.257726413220005e-05, 0.0001353835512645072, 0.00013321480954378933, 0.0001876868229244391, 0.0001219385051228454, 0.3973965382558004, 0.09849572760941983, 0.00023856864527704]
[0.00015482015999603168, 0.00021904440202951097, 0.0001651484370630992, 0.0002719436729933509, 0.00020762584205909622, 0.9997532576196209, 0.9997041521066665, 0.6947750507992735, 0.9996128789689217, 0.0001219385051228454, 0.00014334477696878933, 0.0012490168669581124, 0.0003184393500831899]

gen_Xbest[15]:
[0.00021033663833874383, 0.00019261919605437813, 0.4178818015270859, 0.0002595179596162289, 0.00020762584205909622, 0.00016416511624697767, 0.00016046434206895145, 0.30509173439118265, 0.0001994342081539228, 0.9997561229897544, 0.6024601169672309, 0.900255255523622, 0.9994429920046397]
[0.9996348432016652, 0.9995883364019161, 0.5819530500358511, 0.9994685383673904, 0.9995847483158818, 8.257726413220005e-05, 0.0001353835512645072, 0.00013321480954378933, 0.0001876868229244391, 0.0001219385051228454, 0.3973965382558004, 0.09849572760941983, 0.00023856864527704]
[0.00015482015999603168, 0.00021904440202951097, 0.0001651484370630992, 0.0002719436729933509, 0.00020762584205909622, 0.9997532576196209, 0.9997041521066665, 0.6947750507992735, 0.9996128789689217, 0.0001219385051228454, 0.00014334477696878933, 0.0012490168669581124, 0.0003184393500831899]

gen_Xbest[16]:
[0.00021033663833874383, 0.00019261919605437813, 0.4178818015270859, 0.0002595179596162289, 0.00020762584205909622, 0.00016416511624697767, 0.00016046434206895145, 0.30509173439118265, 0.0001994342081539228, 0.9997561229897544, 0.6024601169672309, 0.900255255523622, 0.9994429920046397]
[0.9996348432016652, 0.9995883364019161, 0.5819530500358511, 0.9994685383673904, 0.9995847483158818, 8.257726413220005e-05, 0.0001353835512645072, 0.00013321480954378933, 0.0001876868229244391, 0.0001219385051228454, 0.3973965382558004, 0.09849572760941983, 0.00023856864527704]
[0.00015482015999603168, 0.00021904440202951097, 0.0001651484370630992, 0.0002719436729933509, 0.00020762584205909622, 0.9997532576196209, 0.9997041521066665, 0.6947750507992735, 0.9996128789689217, 0.0001219385051228454, 0.00014334477696878933, 0.0012490168669581124, 0.0003184393500831899]

gen_Xbest[17]:
[0.00021033663833874383, 0.00019261919605437813, 0.4178818015270859, 0.0002595179596162289, 0.00020762584205909622, 0.00016416511624697767, 0.00016046434206895145, 0.30509173439118265, 0.0001994342081539228, 0.9997561229897544, 0.6024601169672309, 0.900255255523622, 0.9994429920046397]
[0.9996348432016652, 0.9995883364019161, 0.5819530500358511, 0.9994685383673904, 0.9995847483158818, 8.257726413220005e-05, 0.0001353835512645072, 0.00013321480954378933, 0.0001876868229244391, 0.0001219385051228454, 0.3973965382558004, 0.09849572760941983, 0.00023856864527704]
[0.00015482015999603168, 0.00021904440202951097, 0.0001651484370630992, 0.0002719436729933509, 0.00020762584205909622, 0.9997532576196209, 0.9997041521066665, 0.6947750507992735, 0.9996128789689217, 0.0001219385051228454, 0.00014334477696878933, 0.0012490168669581124, 0.0003184393500831899]

gen_Xbest[18]:
[0.00021033663833874383, 0.00019261919605437813, 0.4178818015270859, 0.0002595179596162289, 0.00020762584205909622, 0.00016416511624697767, 0.00016046434206895145, 0.30509173439118265, 0.0001994342081539228, 0.9997561229897544, 0.6024601169672309, 0.900255255523622, 0.9994429920046397]
[0.9996348432016652, 0.9995883364019161, 0.5819530500358511, 0.9994685383673904, 0.9995847483158818, 8.257726413220005e-05, 0.0001353835512645072, 0.00013321480954378933, 0.0001876868229244391, 0.0001219385051228454, 0.3973965382558004, 0.09849572760941983, 0.00023856864527704]
[0.00015482015999603168, 0.00021904440202951097, 0.0001651484370630992, 0.0002719436729933509, 0.00020762584205909622, 0.9997532576196209, 0.9997041521066665, 0.6947750507992735, 0.9996128789689217, 0.0001219385051228454, 0.00014334477696878933, 0.0012490168669581124, 0.0003184393500831899]

gen_Xbest[19]:
[0.00021033663833874383, 0.00019261919605437813, 0.4178818015270859, 0.0002595179596162289, 0.00020762584205909622, 0.00016416511624697767, 0.00016046434206895145, 0.30509173439118265, 0.0001994342081539228, 0.9997561229897544, 0.6024601169672309, 0.900255255523622, 0.9994429920046397]
[0.9996348432016652, 0.9995883364019161, 0.5819530500358511, 0.9994685383673904, 0.9995847483158818, 8.257726413220005e-05, 0.0001353835512645072, 0.00013321480954378933, 0.0001876868229244391, 0.0001219385051228454, 0.3973965382558004, 0.09849572760941983, 0.00023856864527704]
[0.00015482015999603168, 0.00021904440202951097, 0.0001651484370630992, 0.0002719436729933509, 0.00020762584205909622, 0.9997532576196209, 0.9997041521066665, 0.6947750507992735, 0.9996128789689217, 0.0001219385051228454, 0.00014334477696878933, 0.0012490168669581124, 0.0003184393500831899]

gen_Xbest[20]:
[0.00021033663833874383, 0.00019261919605437813, 0.4178818015270859, 0.0002595179596162289, 0.00020762584205909622, 0.00016416511624697767, 0.00016046434206895145, 0.30509173439118265, 0.0001994342081539228, 0.9997561229897544, 0.6024601169672309, 0.900255255523622, 0.9994429920046397]
[0.9996348432016652, 0.9995883364019161, 0.5819530500358511, 0.9994685383673904, 0.9995847483158818, 8.257726413220005e-05, 0.0001353835512645072, 0.00013321480954378933, 0.0001876868229244391, 0.0001219385051228454, 0.3973965382558004, 0.09849572760941983, 0.00023856864527704]
[0.00015482015999603168, 0.00021904440202951097, 0.0001651484370630992, 0.0002719436729933509, 0.00020762584205909622, 0.9997532576196209, 0.9997041521066665, 0.6947750507992735, 0.9996128789689217, 0.0001219385051228454, 0.00014334477696878933, 0.0012490168669581124, 0.0003184393500831899]

gen_Xbest[21]:
[0.00021033663833874383, 0.00019261919605437813, 0.4178818015270859, 0.0002595179596162289, 0.00020762584205909622, 0.00016416511624697767, 0.00016046434206895145, 0.30509173439118265, 0.0001994342081539228, 0.9997561229897544, 0.6024601169672309, 0.900255255523622, 0.9994429920046397]
[0.9996348432016652, 0.9995883364019161, 0.5819530500358511, 0.9994685383673904, 0.9995847483158818, 8.257726413220005e-05, 0.0001353835512645072, 0.00013321480954378933, 0.0001876868229244391, 0.0001219385051228454, 0.3973965382558004, 0.09849572760941983, 0.00023856864527704]
[0.00015482015999603168, 0.00021904440202951097, 0.0001651484370630992, 0.0002719436729933509, 0.00020762584205909622, 0.9997532576196209, 0.9997041521066665, 0.6947750507992735, 0.9996128789689217, 0.0001219385051228454, 0.00014334477696878933, 0.0012490168669581124, 0.0003184393500831899]

gen_Xbest[22]:
[0.00021033663833874383, 0.00019261919605437813, 0.4178818015270859, 0.0002595179596162289, 0.00020762584205909622, 0.00016416511624697767, 0.00016046434206895145, 0.30509173439118265, 0.0001994342081539228, 0.9997561229897544, 0.6024601169672309, 0.900255255523622, 0.9994429920046397]
[0.9996348432016652, 0.9995883364019161, 0.5819530500358511, 0.9994685383673904, 0.9995847483158818, 8.257726413220005e-05, 0.0001353835512645072, 0.00013321480954378933, 0.0001876868229244391, 0.0001219385051228454, 0.3973965382558004, 0.09849572760941983, 0.00023856864527704]
[0.00015482015999603168, 0.00021904440202951097, 0.0001651484370630992, 0.0002719436729933509, 0.00020762584205909622, 0.9997532576196209, 0.9997041521066665, 0.6947750507992735, 0.9996128789689217, 0.0001219385051228454, 0.00014334477696878933, 0.0012490168669581124, 0.0003184393500831899]

gen_Xbest[23]:
[0.00021033663833874383, 0.00019261919605437813, 0.4178818015270859, 0.0002595179596162289, 0.00020762584205909622, 0.00016416511624697767, 0.00016046434206895145, 0.30509173439118265, 0.0001994342081539228, 0.9997561229897544, 0.6024601169672309, 0.900255255523622, 0.9994429920046397]
[0.9996348432016652, 0.9995883364019161, 0.5819530500358511, 0.9994685383673904, 0.9995847483158818, 8.257726413220005e-05, 0.0001353835512645072, 0.00013321480954378933, 0.0001876868229244391, 0.0001219385051228454, 0.3973965382558004, 0.09849572760941983, 0.00023856864527704]
[0.00015482015999603168, 0.00021904440202951097, 0.0001651484370630992, 0.0002719436729933509, 0.00020762584205909622, 0.9997532576196209, 0.9997041521066665, 0.6947750507992735, 0.9996128789689217, 0.0001219385051228454, 0.00014334477696878933, 0.0012490168669581124, 0.0003184393500831899]

gen_Xbest[24]:
[0.00021033663833874383, 0.00019261919605437813, 0.4178818015270859, 0.0002595179596162289, 0.00020762584205909622, 0.00016416511624697767, 0.00016046434206895145, 0.30509173439118265, 0.0001994342081539228, 0.9997561229897544, 0.6024601169672309, 0.900255255523622, 0.9994429920046397]
[0.9996348432016652, 0.9995883364019161, 0.5819530500358511, 0.9994685383673904, 0.9995847483158818, 8.257726413220005e-05, 0.0001353835512645072, 0.00013321480954378933, 0.0001876868229244391, 0.0001219385051228454, 0.3973965382558004, 0.09849572760941983, 0.00023856864527704]
[0.00015482015999603168, 0.00021904440202951097, 0.0001651484370630992, 0.0002719436729933509, 0.00020762584205909622, 0.9997532576196209, 0.9997041521066665, 0.6947750507992735, 0.9996128789689217, 0.0001219385051228454, 0.00014334477696878933, 0.0012490168669581124, 0.0003184393500831899]

gen_Xbest[25]:
[0.00021033663833874383, 0.00019261919605437813, 0.4178818015270859, 0.0002595179596162289, 0.00020762584205909622, 0.00016416511624697767, 0.00016046434206895145, 0.30509173439118265, 0.0001994342081539228, 0.9997561229897544, 0.6024601169672309, 0.900255255523622, 0.9994429920046397]
[0.9996348432016652, 0.9995883364019161, 0.5819530500358511, 0.9994685383673904, 0.9995847483158818, 8.257726413220005e-05, 0.0001353835512645072, 0.00013321480954378933, 0.0001876868229244391, 0.0001219385051228454, 0.3973965382558004, 0.09849572760941983, 0.00023856864527704]
[0.00015482015999603168, 0.00021904440202951097, 0.0001651484370630992, 0.0002719436729933509, 0.00020762584205909622, 0.9997532576196209, 0.9997041521066665, 0.6947750507992735, 0.9996128789689217, 0.0001219385051228454, 0.00014334477696878933, 0.0012490168669581124, 0.0003184393500831899]

gen_Xbest[26]:
[0.00021033663833874383, 0.00019261919605437813, 0.4178818015270859, 0.0002595179596162289, 0.00020762584205909622, 0.00016416511624697767, 0.00016046434206895145, 0.30509173439118265, 0.0001994342081539228, 0.9997561229897544, 0.6024601169672309, 0.900255255523622, 0.9994429920046397]
[0.9996348432016652, 0.9995883364019161, 0.5819530500358511, 0.9994685383673904, 0.9995847483158818, 8.257726413220005e-05, 0.0001353835512645072, 0.00013321480954378933, 0.0001876868229244391, 0.0001219385051228454, 0.3973965382558004, 0.09849572760941983, 0.00023856864527704]
[0.00015482015999603168, 0.00021904440202951097, 0.0001651484370630992, 0.0002719436729933509, 0.00020762584205909622, 0.9997532576196209, 0.9997041521066665, 0.6947750507992735, 0.9996128789689217, 0.0001219385051228454, 0.00014334477696878933, 0.0012490168669581124, 0.0003184393500831899]

gen_Xbest[27]:
[0.00021033663833874383, 0.00019261919605437813, 0.4178818015270859, 0.0002595179596162289, 0.00020762584205909622, 0.00016416511624697767, 0.00016046434206895145, 0.30509173439118265, 0.0001994342081539228, 0.9997561229897544, 0.6024601169672309, 0.900255255523622, 0.9994429920046397]
[0.9996348432016652, 0.9995883364019161, 0.5819530500358511, 0.9994685383673904, 0.9995847483158818, 8.257726413220005e-05, 0.0001353835512645072, 0.00013321480954378933, 0.0001876868229244391, 0.0001219385051228454, 0.3973965382558004, 0.09849572760941983, 0.00023856864527704]
[0.00015482015999603168, 0.00021904440202951097, 0.0001651484370630992, 0.0002719436729933509, 0.00020762584205909622, 0.9997532576196209, 0.9997041521066665, 0.6947750507992735, 0.9996128789689217, 0.0001219385051228454, 0.00014334477696878933, 0.0012490168669581124, 0.0003184393500831899]

gen_Xbest[28]:
[0.00021033663833874383, 0.00019261919605437813, 0.4178818015270859, 0.0002595179596162289, 0.00020762584205909622, 0.00016416511624697767, 0.00016046434206895145, 0.30509173439118265, 0.0001994342081539228, 0.9997561229897544, 0.6024601169672309, 0.900255255523622, 0.9994429920046397]
[0.9996348432016652, 0.9995883364019161, 0.5819530500358511, 0.9994685383673904, 0.9995847483158818, 8.257726413220005e-05, 0.0001353835512645072, 0.00013321480954378933, 0.0001876868229244391, 0.0001219385051228454, 0.3973965382558004, 0.09849572760941983, 0.00023856864527704]
[0.00015482015999603168, 0.00021904440202951097, 0.0001651484370630992, 0.0002719436729933509, 0.00020762584205909622, 0.9997532576196209, 0.9997041521066665, 0.6947750507992735, 0.9996128789689217, 0.0001219385051228454, 0.00014334477696878933, 0.0012490168669581124, 0.0003184393500831899]

gen_Xbest[29]:
[0.00021033663833874383, 0.00019261919605437813, 0.4178818015270859, 0.0002595179596162289, 0.00020762584205909622, 0.00016416511624697767, 0.00016046434206895145, 0.30509173439118265, 0.0001994342081539228, 0.9997561229897544, 0.6024601169672309, 0.900255255523622, 0.9994429920046397]
[0.9996348432016652, 0.9995883364019161, 0.5819530500358511, 0.9994685383673904, 0.9995847483158818, 8.257726413220005e-05, 0.0001353835512645072, 0.00013321480954378933, 0.0001876868229244391, 0.0001219385051228454, 0.3973965382558004, 0.09849572760941983, 0.00023856864527704]
[0.00015482015999603168, 0.00021904440202951097, 0.0001651484370630992, 0.0002719436729933509, 0.00020762584205909622, 0.9997532576196209, 0.9997041521066665, 0.6947750507992735, 0.9996128789689217, 0.0001219385051228454, 0.00014334477696878933, 0.0012490168669581124, 0.0003184393500831899]

gen_Xbest[30]:
[0.00021033663833874383, 0.00019261919605437813, 0.4178818015270859, 0.0002595179596162289, 0.00020762584205909622, 0.00016416511624697767, 0.00016046434206895145, 0.30509173439118265, 0.0001994342081539228, 0.9997561229897544, 0.6024601169672309, 0.900255255523622, 0.9994429920046397]
[0.9996348432016652, 0.9995883364019161, 0.5819530500358511, 0.9994685383673904, 0.9995847483158818, 8.257726413220005e-05, 0.0001353835512645072, 0.00013321480954378933, 0.0001876868229244391, 0.0001219385051228454, 0.3973965382558004, 0.09849572760941983, 0.00023856864527704]
[0.00015482015999603168, 0.00021904440202951097, 0.0001651484370630992, 0.0002719436729933509, 0.00020762584205909622, 0.9997532576196209, 0.9997041521066665, 0.6947750507992735, 0.9996128789689217, 0.0001219385051228454, 0.00014334477696878933, 0.0012490168669581124, 0.0003184393500831899]

gen_Xbest[31]:
[0.00021033663833874383, 0.00019261919605437813, 0.4178818015270859, 0.0002595179596162289, 0.00020762584205909622, 0.00016416511624697767, 0.00016046434206895145, 0.30509173439118265, 0.0001994342081539228, 0.9997561229897544, 0.6024601169672309, 0.900255255523622, 0.9994429920046397]
[0.9996348432016652, 0.9995883364019161, 0.5819530500358511, 0.9994685383673904, 0.9995847483158818, 8.257726413220005e-05, 0.0001353835512645072, 0.00013321480954378933, 0.0001876868229244391, 0.0001219385051228454, 0.3973965382558004, 0.09849572760941983, 0.00023856864527704]
[0.00015482015999603168, 0.00021904440202951097, 0.0001651484370630992, 0.0002719436729933509, 0.00020762584205909622, 0.9997532576196209, 0.9997041521066665, 0.6947750507992735, 0.9996128789689217, 0.0001219385051228454, 0.00014334477696878933, 0.0012490168669581124, 0.0003184393500831899]

gen_Xbest[32]:
[0.00021033663833874383, 0.00019261919605437813, 0.4178818015270859, 0.0002595179596162289, 0.00020762584205909622, 0.00016416511624697767, 0.00016046434206895145, 0.30509173439118265, 0.0001994342081539228, 0.9997561229897544, 0.6024601169672309, 0.900255255523622, 0.9994429920046397]
[0.9996348432016652, 0.9995883364019161, 0.5819530500358511, 0.9994685383673904, 0.9995847483158818, 8.257726413220005e-05, 0.0001353835512645072, 0.00013321480954378933, 0.0001876868229244391, 0.0001219385051228454, 0.3973965382558004, 0.09849572760941983, 0.00023856864527704]
[0.00015482015999603168, 0.00021904440202951097, 0.0001651484370630992, 0.0002719436729933509, 0.00020762584205909622, 0.9997532576196209, 0.9997041521066665, 0.6947750507992735, 0.9996128789689217, 0.0001219385051228454, 0.00014334477696878933, 0.0012490168669581124, 0.0003184393500831899]

gen_Xbest[33]:
[0.00021033663833874383, 0.00019261919605437813, 0.4178818015270859, 0.0002595179596162289, 0.00020762584205909622, 0.00016416511624697767, 0.00016046434206895145, 0.30509173439118265, 0.0001994342081539228, 0.9997561229897544, 0.6024601169672309, 0.900255255523622, 0.9994429920046397]
[0.9996348432016652, 0.9995883364019161, 0.5819530500358511, 0.9994685383673904, 0.9995847483158818, 8.257726413220005e-05, 0.0001353835512645072, 0.00013321480954378933, 0.0001876868229244391, 0.0001219385051228454, 0.3973965382558004, 0.09849572760941983, 0.00023856864527704]
[0.00015482015999603168, 0.00021904440202951097, 0.0001651484370630992, 0.0002719436729933509, 0.00020762584205909622, 0.9997532576196209, 0.9997041521066665, 0.6947750507992735, 0.9996128789689217, 0.0001219385051228454, 0.00014334477696878933, 0.0012490168669581124, 0.0003184393500831899]

gen_Xbest[34]:
[0.00021033663833874383, 0.00019261919605437813, 0.4178818015270859, 0.0002595179596162289, 0.00020762584205909622, 0.00016416511624697767, 0.00016046434206895145, 0.30509173439118265, 0.0001994342081539228, 0.9997561229897544, 0.6024601169672309, 0.900255255523622, 0.9994429920046397]
[0.9996348432016652, 0.9995883364019161, 0.5819530500358511, 0.9994685383673904, 0.9995847483158818, 8.257726413220005e-05, 0.0001353835512645072, 0.00013321480954378933, 0.0001876868229244391, 0.0001219385051228454, 0.3973965382558004, 0.09849572760941983, 0.00023856864527704]
[0.00015482015999603168, 0.00021904440202951097, 0.0001651484370630992, 0.0002719436729933509, 0.00020762584205909622, 0.9997532576196209, 0.9997041521066665, 0.6947750507992735, 0.9996128789689217, 0.0001219385051228454, 0.00014334477696878933, 0.0012490168669581124, 0.0003184393500831899]

gen_Xbest[35]:
[0.00021033663833874383, 0.00019261919605437813, 0.4178818015270859, 0.0002595179596162289, 0.00020762584205909622, 0.00016416511624697767, 0.00016046434206895145, 0.30509173439118265, 0.0001994342081539228, 0.9997561229897544, 0.6024601169672309, 0.900255255523622, 0.9994429920046397]
[0.9996348432016652, 0.9995883364019161, 0.5819530500358511, 0.9994685383673904, 0.9995847483158818, 8.257726413220005e-05, 0.0001353835512645072, 0.00013321480954378933, 0.0001876868229244391, 0.0001219385051228454, 0.3973965382558004, 0.09849572760941983, 0.00023856864527704]
[0.00015482015999603168, 0.00021904440202951097, 0.0001651484370630992, 0.0002719436729933509, 0.00020762584205909622, 0.9997532576196209, 0.9997041521066665, 0.6947750507992735, 0.9996128789689217, 0.0001219385051228454, 0.00014334477696878933, 0.0012490168669581124, 0.0003184393500831899]

gen_Xbest[36]:
[0.00021033663833874383, 0.00019261919605437813, 0.4178818015270859, 0.0002595179596162289, 0.00020762584205909622, 0.00016416511624697767, 0.00016046434206895145, 0.30509173439118265, 0.0001994342081539228, 0.9997561229897544, 0.6024601169672309, 0.900255255523622, 0.9994429920046397]
[0.9996348432016652, 0.9995883364019161, 0.5819530500358511, 0.9994685383673904, 0.9995847483158818, 8.257726413220005e-05, 0.0001353835512645072, 0.00013321480954378933, 0.0001876868229244391, 0.0001219385051228454, 0.3973965382558004, 0.09849572760941983, 0.00023856864527704]
[0.00015482015999603168, 0.00021904440202951097, 0.0001651484370630992, 0.0002719436729933509, 0.00020762584205909622, 0.9997532576196209, 0.9997041521066665, 0.6947750507992735, 0.9996128789689217, 0.0001219385051228454, 0.00014334477696878933, 0.0012490168669581124, 0.0003184393500831899]

gen_Xbest[37]:
[0.00021033663833874383, 0.00019261919605437813, 0.4178818015270859, 0.0002595179596162289, 0.00020762584205909622, 0.00016416511624697767, 0.00016046434206895145, 0.30509173439118265, 0.0001994342081539228, 0.9997561229897544, 0.6024601169672309, 0.900255255523622, 0.9994429920046397]
[0.9996348432016652, 0.9995883364019161, 0.5819530500358511, 0.9994685383673904, 0.9995847483158818, 8.257726413220005e-05, 0.0001353835512645072, 0.00013321480954378933, 0.0001876868229244391, 0.0001219385051228454, 0.3973965382558004, 0.09849572760941983, 0.00023856864527704]
[0.00015482015999603168, 0.00021904440202951097, 0.0001651484370630992, 0.0002719436729933509, 0.00020762584205909622, 0.9997532576196209, 0.9997041521066665, 0.6947750507992735, 0.9996128789689217, 0.0001219385051228454, 0.00014334477696878933, 0.0012490168669581124, 0.0003184393500831899]

gen_Xbest[38]:
[0.00021033663833874383, 0.00019261919605437813, 0.4178818015270859, 0.0002595179596162289, 0.00020762584205909622, 0.00016416511624697767, 0.00016046434206895145, 0.30509173439118265, 0.0001994342081539228, 0.9997561229897544, 0.6024601169672309, 0.900255255523622, 0.9994429920046397]
[0.9996348432016652, 0.9995883364019161, 0.5819530500358511, 0.9994685383673904, 0.9995847483158818, 8.257726413220005e-05, 0.0001353835512645072, 0.00013321480954378933, 0.0001876868229244391, 0.0001219385051228454, 0.3973965382558004, 0.09849572760941983, 0.00023856864527704]
[0.00015482015999603168, 0.00021904440202951097, 0.0001651484370630992, 0.0002719436729933509, 0.00020762584205909622, 0.9997532576196209, 0.9997041521066665, 0.6947750507992735, 0.9996128789689217, 0.0001219385051228454, 0.00014334477696878933, 0.0012490168669581124, 0.0003184393500831899]

gen_Xbest[39]:
[0.00021033663833874383, 0.00019261919605437813, 0.4178818015270859, 0.0002595179596162289, 0.00020762584205909622, 0.00016416511624697767, 0.00016046434206895145, 0.30509173439118265, 0.0001994342081539228, 0.9997561229897544, 0.6024601169672309, 0.900255255523622, 0.9994429920046397]
[0.9996348432016652, 0.9995883364019161, 0.5819530500358511, 0.9994685383673904, 0.9995847483158818, 8.257726413220005e-05, 0.0001353835512645072, 0.00013321480954378933, 0.0001876868229244391, 0.0001219385051228454, 0.3973965382558004, 0.09849572760941983, 0.00023856864527704]
[0.00015482015999603168, 0.00021904440202951097, 0.0001651484370630992, 0.0002719436729933509, 0.00020762584205909622, 0.9997532576196209, 0.9997041521066665, 0.6947750507992735, 0.9996128789689217, 0.0001219385051228454, 0.00014334477696878933, 0.0012490168669581124, 0.0003184393500831899]

gen_Xbest[40]:
[0.00021033663833874383, 0.00019261919605437813, 0.4178818015270859, 0.0002595179596162289, 0.00020762584205909622, 0.00016416511624697767, 0.00016046434206895145, 0.30509173439118265, 0.0001994342081539228, 0.9997561229897544, 0.6024601169672309, 0.900255255523622, 0.9994429920046397]
[0.9996348432016652, 0.9995883364019161, 0.5819530500358511, 0.9994685383673904, 0.9995847483158818, 8.257726413220005e-05, 0.0001353835512645072, 0.00013321480954378933, 0.0001876868229244391, 0.0001219385051228454, 0.3973965382558004, 0.09849572760941983, 0.00023856864527704]
[0.00015482015999603168, 0.00021904440202951097, 0.0001651484370630992, 0.0002719436729933509, 0.00020762584205909622, 0.9997532576196209, 0.9997041521066665, 0.6947750507992735, 0.9996128789689217, 0.0001219385051228454, 0.00014334477696878933, 0.0012490168669581124, 0.0003184393500831899]

gen_Xbest[41]:
[0.00021033663833874383, 0.00019261919605437813, 0.4178818015270859, 0.0002595179596162289, 0.00020762584205909622, 0.00016416511624697767, 0.00016046434206895145, 0.30509173439118265, 0.0001994342081539228, 0.9997561229897544, 0.6024601169672309, 0.900255255523622, 0.9994429920046397]
[0.9996348432016652, 0.9995883364019161, 0.5819530500358511, 0.9994685383673904, 0.9995847483158818, 8.257726413220005e-05, 0.0001353835512645072, 0.00013321480954378933, 0.0001876868229244391, 0.0001219385051228454, 0.3973965382558004, 0.09849572760941983, 0.00023856864527704]
[0.00015482015999603168, 0.00021904440202951097, 0.0001651484370630992, 0.0002719436729933509, 0.00020762584205909622, 0.9997532576196209, 0.9997041521066665, 0.6947750507992735, 0.9996128789689217, 0.0001219385051228454, 0.00014334477696878933, 0.0012490168669581124, 0.0003184393500831899]

gen_Xbest[42]:
[0.00021033663833874383, 0.00019261919605437813, 0.4178818015270859, 0.0002595179596162289, 0.00020762584205909622, 0.00016416511624697767, 0.00016046434206895145, 0.30509173439118265, 0.0001994342081539228, 0.9997561229897544, 0.6024601169672309, 0.900255255523622, 0.9994429920046397]
[0.9996348432016652, 0.9995883364019161, 0.5819530500358511, 0.9994685383673904, 0.9995847483158818, 8.257726413220005e-05, 0.0001353835512645072, 0.00013321480954378933, 0.0001876868229244391, 0.0001219385051228454, 0.3973965382558004, 0.09849572760941983, 0.00023856864527704]
[0.00015482015999603168, 0.00021904440202951097, 0.0001651484370630992, 0.0002719436729933509, 0.00020762584205909622, 0.9997532576196209, 0.9997041521066665, 0.6947750507992735, 0.9996128789689217, 0.0001219385051228454, 0.00014334477696878933, 0.0012490168669581124, 0.0003184393500831899]

gen_Xbest[43]:
[0.00021033663833874383, 0.00019261919605437813, 0.4178818015270859, 0.0002595179596162289, 0.00020762584205909622, 0.00016416511624697767, 0.00016046434206895145, 0.30509173439118265, 0.0001994342081539228, 0.9997561229897544, 0.6024601169672309, 0.900255255523622, 0.9994429920046397]
[0.9996348432016652, 0.9995883364019161, 0.5819530500358511, 0.9994685383673904, 0.9995847483158818, 8.257726413220005e-05, 0.0001353835512645072, 0.00013321480954378933, 0.0001876868229244391, 0.0001219385051228454, 0.3973965382558004, 0.09849572760941983, 0.00023856864527704]
[0.00015482015999603168, 0.00021904440202951097, 0.0001651484370630992, 0.0002719436729933509, 0.00020762584205909622, 0.9997532576196209, 0.9997041521066665, 0.6947750507992735, 0.9996128789689217, 0.0001219385051228454, 0.00014334477696878933, 0.0012490168669581124, 0.0003184393500831899]

gen_Xbest[44]:
[0.00021033663833874383, 0.00019261919605437813, 0.4178818015270859, 0.0002595179596162289, 0.00020762584205909622, 0.00016416511624697767, 0.00016046434206895145, 0.30509173439118265, 0.0001994342081539228, 0.9997561229897544, 0.6024601169672309, 0.900255255523622, 0.9994429920046397]
[0.9996348432016652, 0.9995883364019161, 0.5819530500358511, 0.9994685383673904, 0.9995847483158818, 8.257726413220005e-05, 0.0001353835512645072, 0.00013321480954378933, 0.0001876868229244391, 0.0001219385051228454, 0.3973965382558004, 0.09849572760941983, 0.00023856864527704]
[0.00015482015999603168, 0.00021904440202951097, 0.0001651484370630992, 0.0002719436729933509, 0.00020762584205909622, 0.9997532576196209, 0.9997041521066665, 0.6947750507992735, 0.9996128789689217, 0.0001219385051228454, 0.00014334477696878933, 0.0012490168669581124, 0.0003184393500831899]

gen_Xbest[45]:
[0.00021033663833874383, 0.00019261919605437813, 0.4178818015270859, 0.0002595179596162289, 0.00020762584205909622, 0.00016416511624697767, 0.00016046434206895145, 0.30509173439118265, 0.0001994342081539228, 0.9997561229897544, 0.6024601169672309, 0.900255255523622, 0.9994429920046397]
[0.9996348432016652, 0.9995883364019161, 0.5819530500358511, 0.9994685383673904, 0.9995847483158818, 8.257726413220005e-05, 0.0001353835512645072, 0.00013321480954378933, 0.0001876868229244391, 0.0001219385051228454, 0.3973965382558004, 0.09849572760941983, 0.00023856864527704]
[0.00015482015999603168, 0.00021904440202951097, 0.0001651484370630992, 0.0002719436729933509, 0.00020762584205909622, 0.9997532576196209, 0.9997041521066665, 0.6947750507992735, 0.9996128789689217, 0.0001219385051228454, 0.00014334477696878933, 0.0012490168669581124, 0.0003184393500831899]

gen_Xbest[46]:
[0.00021033663833874383, 0.00019261919605437813, 0.4178818015270859, 0.0002595179596162289, 0.00020762584205909622, 0.00016416511624697767, 0.00016046434206895145, 0.30509173439118265, 0.0001994342081539228, 0.9997561229897544, 0.6024601169672309, 0.900255255523622, 0.9994429920046397]
[0.9996348432016652, 0.9995883364019161, 0.5819530500358511, 0.9994685383673904, 0.9995847483158818, 8.257726413220005e-05, 0.0001353835512645072, 0.00013321480954378933, 0.0001876868229244391, 0.0001219385051228454, 0.3973965382558004, 0.09849572760941983, 0.00023856864527704]
[0.00015482015999603168, 0.00021904440202951097, 0.0001651484370630992, 0.0002719436729933509, 0.00020762584205909622, 0.9997532576196209, 0.9997041521066665, 0.6947750507992735, 0.9996128789689217, 0.0001219385051228454, 0.00014334477696878933, 0.0012490168669581124, 0.0003184393500831899]

gen_Xbest[47]:
[0.00021033663833874383, 0.00019261919605437813, 0.4178818015270859, 0.0002595179596162289, 0.00020762584205909622, 0.00016416511624697767, 0.00016046434206895145, 0.30509173439118265, 0.0001994342081539228, 0.9997561229897544, 0.6024601169672309, 0.900255255523622, 0.9994429920046397]
[0.9996348432016652, 0.9995883364019161, 0.5819530500358511, 0.9994685383673904, 0.9995847483158818, 8.257726413220005e-05, 0.0001353835512645072, 0.00013321480954378933, 0.0001876868229244391, 0.0001219385051228454, 0.3973965382558004, 0.09849572760941983, 0.00023856864527704]
[0.00015482015999603168, 0.00021904440202951097, 0.0001651484370630992, 0.0002719436729933509, 0.00020762584205909622, 0.9997532576196209, 0.9997041521066665, 0.6947750507992735, 0.9996128789689217, 0.0001219385051228454, 0.00014334477696878933, 0.0012490168669581124, 0.0003184393500831899]

gen_Xbest[48]:
[0.00021033663833874383, 0.00019261919605437813, 0.4178818015270859, 0.0002595179596162289, 0.00020762584205909622, 0.00016416511624697767, 0.00016046434206895145, 0.30509173439118265, 0.0001994342081539228, 0.9997561229897544, 0.6024601169672309, 0.900255255523622, 0.9994429920046397]
[0.9996348432016652, 0.9995883364019161, 0.5819530500358511, 0.9994685383673904, 0.9995847483158818, 8.257726413220005e-05, 0.0001353835512645072, 0.00013321480954378933, 0.0001876868229244391, 0.0001219385051228454, 0.3973965382558004, 0.09849572760941983, 0.00023856864527704]
[0.00015482015999603168, 0.00021904440202951097, 0.0001651484370630992, 0.0002719436729933509, 0.00020762584205909622, 0.9997532576196209, 0.9997041521066665, 0.6947750507992735, 0.9996128789689217, 0.0001219385051228454, 0.00014334477696878933, 0.0012490168669581124, 0.0003184393500831899]

gen_Xbest[49]:
[0.00021033663833874383, 0.00019261919605437813, 0.4178818015270859, 0.0002595179596162289, 0.00020762584205909622, 0.00016416511624697767, 0.00016046434206895145, 0.30509173439118265, 0.0001994342081539228, 0.9997561229897544, 0.6024601169672309, 0.900255255523622, 0.9994429920046397]
[0.9996348432016652, 0.9995883364019161, 0.5819530500358511, 0.9994685383673904, 0.9995847483158818, 8.257726413220005e-05, 0.0001353835512645072, 0.00013321480954378933, 0.0001876868229244391, 0.0001219385051228454, 0.3973965382558004, 0.09849572760941983, 0.00023856864527704]
[0.00015482015999603168, 0.00021904440202951097, 0.0001651484370630992, 0.0002719436729933509, 0.00020762584205909622, 0.9997532576196209, 0.9997041521066665, 0.6947750507992735, 0.9996128789689217, 0.0001219385051228454, 0.00014334477696878933, 0.0012490168669581124, 0.0003184393500831899]

gen_Xbest[50]:
[0.00021033663833874383, 0.00019261919605437813, 0.4178818015270859, 0.0002595179596162289, 0.00020762584205909622, 0.00016416511624697767, 0.00016046434206895145, 0.30509173439118265, 0.0001994342081539228, 0.9997561229897544, 0.6024601169672309, 0.900255255523622, 0.9994429920046397]
[0.9996348432016652, 0.9995883364019161, 0.5819530500358511, 0.9994685383673904, 0.9995847483158818, 8.257726413220005e-05, 0.0001353835512645072, 0.00013321480954378933, 0.0001876868229244391, 0.0001219385051228454, 0.3973965382558004, 0.09849572760941983, 0.00023856864527704]
[0.00015482015999603168, 0.00021904440202951097, 0.0001651484370630992, 0.0002719436729933509, 0.00020762584205909622, 0.9997532576196209, 0.9997041521066665, 0.6947750507992735, 0.9996128789689217, 0.0001219385051228454, 0.00014334477696878933, 0.0012490168669581124, 0.0003184393500831899]

gen_Xbest[51]:
[0.00021033663833874383, 0.00019261919605437813, 0.4178818015270859, 0.0002595179596162289, 0.00020762584205909622, 0.00016416511624697767, 0.00016046434206895145, 0.30509173439118265, 0.0001994342081539228, 0.9997561229897544, 0.6024601169672309, 0.900255255523622, 0.9994429920046397]
[0.9996348432016652, 0.9995883364019161, 0.5819530500358511, 0.9994685383673904, 0.9995847483158818, 8.257726413220005e-05, 0.0001353835512645072, 0.00013321480954378933, 0.0001876868229244391, 0.0001219385051228454, 0.3973965382558004, 0.09849572760941983, 0.00023856864527704]
[0.00015482015999603168, 0.00021904440202951097, 0.0001651484370630992, 0.0002719436729933509, 0.00020762584205909622, 0.9997532576196209, 0.9997041521066665, 0.6947750507992735, 0.9996128789689217, 0.0001219385051228454, 0.00014334477696878933, 0.0012490168669581124, 0.0003184393500831899]

gen_Xbest[52]:
[0.00021033663833874383, 0.00019261919605437813, 0.4178818015270859, 0.0002595179596162289, 0.00020762584205909622, 0.00016416511624697767, 0.00016046434206895145, 0.30509173439118265, 0.0001994342081539228, 0.9997561229897544, 0.6024601169672309, 0.900255255523622, 0.9994429920046397]
[0.9996348432016652, 0.9995883364019161, 0.5819530500358511, 0.9994685383673904, 0.9995847483158818, 8.257726413220005e-05, 0.0001353835512645072, 0.00013321480954378933, 0.0001876868229244391, 0.0001219385051228454, 0.3973965382558004, 0.09849572760941983, 0.00023856864527704]
[0.00015482015999603168, 0.00021904440202951097, 0.0001651484370630992, 0.0002719436729933509, 0.00020762584205909622, 0.9997532576196209, 0.9997041521066665, 0.6947750507992735, 0.9996128789689217, 0.0001219385051228454, 0.00014334477696878933, 0.0012490168669581124, 0.0003184393500831899]

gen_Xbest[53]:
[0.00021033663833874383, 0.00019261919605437813, 0.4178818015270859, 0.0002595179596162289, 0.00020762584205909622, 0.00016416511624697767, 0.00016046434206895145, 0.30509173439118265, 0.0001994342081539228, 0.9997561229897544, 0.6024601169672309, 0.900255255523622, 0.9994429920046397]
[0.9996348432016652, 0.9995883364019161, 0.5819530500358511, 0.9994685383673904, 0.9995847483158818, 8.257726413220005e-05, 0.0001353835512645072, 0.00013321480954378933, 0.0001876868229244391, 0.0001219385051228454, 0.3973965382558004, 0.09849572760941983, 0.00023856864527704]
[0.00015482015999603168, 0.00021904440202951097, 0.0001651484370630992, 0.0002719436729933509, 0.00020762584205909622, 0.9997532576196209, 0.9997041521066665, 0.6947750507992735, 0.9996128789689217, 0.0001219385051228454, 0.00014334477696878933, 0.0012490168669581124, 0.0003184393500831899]

gen_Xbest[54]:
[0.00021033663833874383, 0.00019261919605437813, 0.4178818015270859, 0.0002595179596162289, 0.00020762584205909622, 0.00016416511624697767, 0.00016046434206895145, 0.30509173439118265, 0.0001994342081539228, 0.9997561229897544, 0.6024601169672309, 0.900255255523622, 0.9994429920046397]
[0.9996348432016652, 0.9995883364019161, 0.5819530500358511, 0.9994685383673904, 0.9995847483158818, 8.257726413220005e-05, 0.0001353835512645072, 0.00013321480954378933, 0.0001876868229244391, 0.0001219385051228454, 0.3973965382558004, 0.09849572760941983, 0.00023856864527704]
[0.00015482015999603168, 0.00021904440202951097, 0.0001651484370630992, 0.0002719436729933509, 0.00020762584205909622, 0.9997532576196209, 0.9997041521066665, 0.6947750507992735, 0.9996128789689217, 0.0001219385051228454, 0.00014334477696878933, 0.0012490168669581124, 0.0003184393500831899]

gen_Xbest[55]:
[0.00021033663833874383, 0.00019261919605437813, 0.4178818015270859, 0.0002595179596162289, 0.00020762584205909622, 0.00016416511624697767, 0.00016046434206895145, 0.30509173439118265, 0.0001994342081539228, 0.9997561229897544, 0.6024601169672309, 0.900255255523622, 0.9994429920046397]
[0.9996348432016652, 0.9995883364019161, 0.5819530500358511, 0.9994685383673904, 0.9995847483158818, 8.257726413220005e-05, 0.0001353835512645072, 0.00013321480954378933, 0.0001876868229244391, 0.0001219385051228454, 0.3973965382558004, 0.09849572760941983, 0.00023856864527704]
[0.00015482015999603168, 0.00021904440202951097, 0.0001651484370630992, 0.0002719436729933509, 0.00020762584205909622, 0.9997532576196209, 0.9997041521066665, 0.6947750507992735, 0.9996128789689217, 0.0001219385051228454, 0.00014334477696878933, 0.0012490168669581124, 0.0003184393500831899]

gen_Xbest[56]:
[0.00021033663833874383, 0.00019261919605437813, 0.4178818015270859, 0.0002595179596162289, 0.00020762584205909622, 0.00016416511624697767, 0.00016046434206895145, 0.30509173439118265, 0.0001994342081539228, 0.9997561229897544, 0.6024601169672309, 0.900255255523622, 0.9994429920046397]
[0.9996348432016652, 0.9995883364019161, 0.5819530500358511, 0.9994685383673904, 0.9995847483158818, 8.257726413220005e-05, 0.0001353835512645072, 0.00013321480954378933, 0.0001876868229244391, 0.0001219385051228454, 0.3973965382558004, 0.09849572760941983, 0.00023856864527704]
[0.00015482015999603168, 0.00021904440202951097, 0.0001651484370630992, 0.0002719436729933509, 0.00020762584205909622, 0.9997532576196209, 0.9997041521066665, 0.6947750507992735, 0.9996128789689217, 0.0001219385051228454, 0.00014334477696878933, 0.0012490168669581124, 0.0003184393500831899]

gen_Xbest[57]:
[0.00021033663833874383, 0.00019261919605437813, 0.4178818015270859, 0.0002595179596162289, 0.00020762584205909622, 0.00016416511624697767, 0.00016046434206895145, 0.30509173439118265, 0.0001994342081539228, 0.9997561229897544, 0.6024601169672309, 0.900255255523622, 0.9994429920046397]
[0.9996348432016652, 0.9995883364019161, 0.5819530500358511, 0.9994685383673904, 0.9995847483158818, 8.257726413220005e-05, 0.0001353835512645072, 0.00013321480954378933, 0.0001876868229244391, 0.0001219385051228454, 0.3973965382558004, 0.09849572760941983, 0.00023856864527704]
[0.00015482015999603168, 0.00021904440202951097, 0.0001651484370630992, 0.0002719436729933509, 0.00020762584205909622, 0.9997532576196209, 0.9997041521066665, 0.6947750507992735, 0.9996128789689217, 0.0001219385051228454, 0.00014334477696878933, 0.0012490168669581124, 0.0003184393500831899]

gen_Xbest[58]:
[0.00021033663833874383, 0.00019261919605437813, 0.4178818015270859, 0.0002595179596162289, 0.00020762584205909622, 0.00016416511624697767, 0.00016046434206895145, 0.30509173439118265, 0.0001994342081539228, 0.9997561229897544, 0.6024601169672309, 0.900255255523622, 0.9994429920046397]
[0.9996348432016652, 0.9995883364019161, 0.5819530500358511, 0.9994685383673904, 0.9995847483158818, 8.257726413220005e-05, 0.0001353835512645072, 0.00013321480954378933, 0.0001876868229244391, 0.0001219385051228454, 0.3973965382558004, 0.09849572760941983, 0.00023856864527704]
[0.00015482015999603168, 0.00021904440202951097, 0.0001651484370630992, 0.0002719436729933509, 0.00020762584205909622, 0.9997532576196209, 0.9997041521066665, 0.6947750507992735, 0.9996128789689217, 0.0001219385051228454, 0.00014334477696878933, 0.0012490168669581124, 0.0003184393500831899]

gen_Xbest[59]:
[0.00021033663833874383, 0.00019261919605437813, 0.4178818015270859, 0.0002595179596162289, 0.00020762584205909622, 0.00016416511624697767, 0.00016046434206895145, 0.30509173439118265, 0.0001994342081539228, 0.9997561229897544, 0.6024601169672309, 0.900255255523622, 0.9994429920046397]
[0.9996348432016652, 0.9995883364019161, 0.5819530500358511, 0.9994685383673904, 0.9995847483158818, 8.257726413220005e-05, 0.0001353835512645072, 0.00013321480954378933, 0.0001876868229244391, 0.0001219385051228454, 0.3973965382558004, 0.09849572760941983, 0.00023856864527704]
[0.00015482015999603168, 0.00021904440202951097, 0.0001651484370630992, 0.0002719436729933509, 0.00020762584205909622, 0.9997532576196209, 0.9997041521066665, 0.6947750507992735, 0.9996128789689217, 0.0001219385051228454, 0.00014334477696878933, 0.0012490168669581124, 0.0003184393500831899]

gen_Xbest[60]:
[0.00021033663833874383, 0.00019261919605437813, 0.4178818015270859, 0.0002595179596162289, 0.00020762584205909622, 0.00016416511624697767, 0.00016046434206895145, 0.30509173439118265, 0.0001994342081539228, 0.9997561229897544, 0.6024601169672309, 0.900255255523622, 0.9994429920046397]
[0.9996348432016652, 0.9995883364019161, 0.5819530500358511, 0.9994685383673904, 0.9995847483158818, 8.257726413220005e-05, 0.0001353835512645072, 0.00013321480954378933, 0.0001876868229244391, 0.0001219385051228454, 0.3973965382558004, 0.09849572760941983, 0.00023856864527704]
[0.00015482015999603168, 0.00021904440202951097, 0.0001651484370630992, 0.0002719436729933509, 0.00020762584205909622, 0.9997532576196209, 0.9997041521066665, 0.6947750507992735, 0.9996128789689217, 0.0001219385051228454, 0.00014334477696878933, 0.0012490168669581124, 0.0003184393500831899]

gen_Xbest[61]:
[0.00021033663833874383, 0.00019261919605437813, 0.4178818015270859, 0.0002595179596162289, 0.00020762584205909622, 0.00016416511624697767, 0.00016046434206895145, 0.30509173439118265, 0.0001994342081539228, 0.9997561229897544, 0.6024601169672309, 0.900255255523622, 0.9994429920046397]
[0.9996348432016652, 0.9995883364019161, 0.5819530500358511, 0.9994685383673904, 0.9995847483158818, 8.257726413220005e-05, 0.0001353835512645072, 0.00013321480954378933, 0.0001876868229244391, 0.0001219385051228454, 0.3973965382558004, 0.09849572760941983, 0.00023856864527704]
[0.00015482015999603168, 0.00021904440202951097, 0.0001651484370630992, 0.0002719436729933509, 0.00020762584205909622, 0.9997532576196209, 0.9997041521066665, 0.6947750507992735, 0.9996128789689217, 0.0001219385051228454, 0.00014334477696878933, 0.0012490168669581124, 0.0003184393500831899]

gen_Xbest[62]:
[0.00021033663833874383, 0.00019261919605437813, 0.4178818015270859, 0.0002595179596162289, 0.00020762584205909622, 0.00016416511624697767, 0.00016046434206895145, 0.30509173439118265, 0.0001994342081539228, 0.9997561229897544, 0.6024601169672309, 0.900255255523622, 0.9994429920046397]
[0.9996348432016652, 0.9995883364019161, 0.5819530500358511, 0.9994685383673904, 0.9995847483158818, 8.257726413220005e-05, 0.0001353835512645072, 0.00013321480954378933, 0.0001876868229244391, 0.0001219385051228454, 0.3973965382558004, 0.09849572760941983, 0.00023856864527704]
[0.00015482015999603168, 0.00021904440202951097, 0.0001651484370630992, 0.0002719436729933509, 0.00020762584205909622, 0.9997532576196209, 0.9997041521066665, 0.6947750507992735, 0.9996128789689217, 0.0001219385051228454, 0.00014334477696878933, 0.0012490168669581124, 0.0003184393500831899]

gen_Xbest[63]:
[0.00021033663833874383, 0.00019261919605437813, 0.4178818015270859, 0.0002595179596162289, 0.00020762584205909622, 0.00016416511624697767, 0.00016046434206895145, 0.30509173439118265, 0.0001994342081539228, 0.9997561229897544, 0.6024601169672309, 0.900255255523622, 0.9994429920046397]
[0.9996348432016652, 0.9995883364019161, 0.5819530500358511, 0.9994685383673904, 0.9995847483158818, 8.257726413220005e-05, 0.0001353835512645072, 0.00013321480954378933, 0.0001876868229244391, 0.0001219385051228454, 0.3973965382558004, 0.09849572760941983, 0.00023856864527704]
[0.00015482015999603168, 0.00021904440202951097, 0.0001651484370630992, 0.0002719436729933509, 0.00020762584205909622, 0.9997532576196209, 0.9997041521066665, 0.6947750507992735, 0.9996128789689217, 0.0001219385051228454, 0.00014334477696878933, 0.0012490168669581124, 0.0003184393500831899]

gen_Xbest[64]:
[0.00021033663833874383, 0.00019261919605437813, 0.4178818015270859, 0.0002595179596162289, 0.00020762584205909622, 0.00016416511624697767, 0.00016046434206895145, 0.30509173439118265, 0.0001994342081539228, 0.9997561229897544, 0.6024601169672309, 0.900255255523622, 0.9994429920046397]
[0.9996348432016652, 0.9995883364019161, 0.5819530500358511, 0.9994685383673904, 0.9995847483158818, 8.257726413220005e-05, 0.0001353835512645072, 0.00013321480954378933, 0.0001876868229244391, 0.0001219385051228454, 0.3973965382558004, 0.09849572760941983, 0.00023856864527704]
[0.00015482015999603168, 0.00021904440202951097, 0.0001651484370630992, 0.0002719436729933509, 0.00020762584205909622, 0.9997532576196209, 0.9997041521066665, 0.6947750507992735, 0.9996128789689217, 0.0001219385051228454, 0.00014334477696878933, 0.0012490168669581124, 0.0003184393500831899]

gen_Xbest[65]:
[0.00021033663833874383, 0.00019261919605437813, 0.4178818015270859, 0.0002595179596162289, 0.00020762584205909622, 0.00016416511624697767, 0.00016046434206895145, 0.30509173439118265, 0.0001994342081539228, 0.9997561229897544, 0.6024601169672309, 0.900255255523622, 0.9994429920046397]
[0.9996348432016652, 0.9995883364019161, 0.5819530500358511, 0.9994685383673904, 0.9995847483158818, 8.257726413220005e-05, 0.0001353835512645072, 0.00013321480954378933, 0.0001876868229244391, 0.0001219385051228454, 0.3973965382558004, 0.09849572760941983, 0.00023856864527704]
[0.00015482015999603168, 0.00021904440202951097, 0.0001651484370630992, 0.0002719436729933509, 0.00020762584205909622, 0.9997532576196209, 0.9997041521066665, 0.6947750507992735, 0.9996128789689217, 0.0001219385051228454, 0.00014334477696878933, 0.0012490168669581124, 0.0003184393500831899]

gen_Xbest[66]:
[0.00021033663833874383, 0.00019261919605437813, 0.4178818015270859, 0.0002595179596162289, 0.00020762584205909622, 0.00016416511624697767, 0.00016046434206895145, 0.30509173439118265, 0.0001994342081539228, 0.9997561229897544, 0.6024601169672309, 0.900255255523622, 0.9994429920046397]
[0.9996348432016652, 0.9995883364019161, 0.5819530500358511, 0.9994685383673904, 0.9995847483158818, 8.257726413220005e-05, 0.0001353835512645072, 0.00013321480954378933, 0.0001876868229244391, 0.0001219385051228454, 0.3973965382558004, 0.09849572760941983, 0.00023856864527704]
[0.00015482015999603168, 0.00021904440202951097, 0.0001651484370630992, 0.0002719436729933509, 0.00020762584205909622, 0.9997532576196209, 0.9997041521066665, 0.6947750507992735, 0.9996128789689217, 0.0001219385051228454, 0.00014334477696878933, 0.0012490168669581124, 0.0003184393500831899]

gen_Xbest[67]:
[0.00021033663833874383, 0.00019261919605437813, 0.4178818015270859, 0.0002595179596162289, 0.00020762584205909622, 0.00016416511624697767, 0.00016046434206895145, 0.30509173439118265, 0.0001994342081539228, 0.9997561229897544, 0.6024601169672309, 0.900255255523622, 0.9994429920046397]
[0.9996348432016652, 0.9995883364019161, 0.5819530500358511, 0.9994685383673904, 0.9995847483158818, 8.257726413220005e-05, 0.0001353835512645072, 0.00013321480954378933, 0.0001876868229244391, 0.0001219385051228454, 0.3973965382558004, 0.09849572760941983, 0.00023856864527704]
[0.00015482015999603168, 0.00021904440202951097, 0.0001651484370630992, 0.0002719436729933509, 0.00020762584205909622, 0.9997532576196209, 0.9997041521066665, 0.6947750507992735, 0.9996128789689217, 0.0001219385051228454, 0.00014334477696878933, 0.0012490168669581124, 0.0003184393500831899]

gen_Xbest[68]:
[0.00021033663833874383, 0.00019261919605437813, 0.4178818015270859, 0.0002595179596162289, 0.00020762584205909622, 0.00016416511624697767, 0.00016046434206895145, 0.30509173439118265, 0.0001994342081539228, 0.9997561229897544, 0.6024601169672309, 0.900255255523622, 0.9994429920046397]
[0.9996348432016652, 0.9995883364019161, 0.5819530500358511, 0.9994685383673904, 0.9995847483158818, 8.257726413220005e-05, 0.0001353835512645072, 0.00013321480954378933, 0.0001876868229244391, 0.0001219385051228454, 0.3973965382558004, 0.09849572760941983, 0.00023856864527704]
[0.00015482015999603168, 0.00021904440202951097, 0.0001651484370630992, 0.0002719436729933509, 0.00020762584205909622, 0.9997532576196209, 0.9997041521066665, 0.6947750507992735, 0.9996128789689217, 0.0001219385051228454, 0.00014334477696878933, 0.0012490168669581124, 0.0003184393500831899]

gen_Xbest[69]:
[0.00021033663833874383, 0.00019261919605437813, 0.4178818015270859, 0.0002595179596162289, 0.00020762584205909622, 0.00016416511624697767, 0.00016046434206895145, 0.30509173439118265, 0.0001994342081539228, 0.9997561229897544, 0.6024601169672309, 0.900255255523622, 0.9994429920046397]
[0.9996348432016652, 0.9995883364019161, 0.5819530500358511, 0.9994685383673904, 0.9995847483158818, 8.257726413220005e-05, 0.0001353835512645072, 0.00013321480954378933, 0.0001876868229244391, 0.0001219385051228454, 0.3973965382558004, 0.09849572760941983, 0.00023856864527704]
[0.00015482015999603168, 0.00021904440202951097, 0.0001651484370630992, 0.0002719436729933509, 0.00020762584205909622, 0.9997532576196209, 0.9997041521066665, 0.6947750507992735, 0.9996128789689217, 0.0001219385051228454, 0.00014334477696878933, 0.0012490168669581124, 0.0003184393500831899]

gen_Xbest[70]:
[0.00021033663833874383, 0.00019261919605437813, 0.4178818015270859, 0.0002595179596162289, 0.00020762584205909622, 0.00016416511624697767, 0.00016046434206895145, 0.30509173439118265, 0.0001994342081539228, 0.9997561229897544, 0.6024601169672309, 0.900255255523622, 0.9994429920046397]
[0.9996348432016652, 0.9995883364019161, 0.5819530500358511, 0.9994685383673904, 0.9995847483158818, 8.257726413220005e-05, 0.0001353835512645072, 0.00013321480954378933, 0.0001876868229244391, 0.0001219385051228454, 0.3973965382558004, 0.09849572760941983, 0.00023856864527704]
[0.00015482015999603168, 0.00021904440202951097, 0.0001651484370630992, 0.0002719436729933509, 0.00020762584205909622, 0.9997532576196209, 0.9997041521066665, 0.6947750507992735, 0.9996128789689217, 0.0001219385051228454, 0.00014334477696878933, 0.0012490168669581124, 0.0003184393500831899]

gen_Xbest[71]:
[0.00021033663833874383, 0.00019261919605437813, 0.4178818015270859, 0.0002595179596162289, 0.00020762584205909622, 0.00016416511624697767, 0.00016046434206895145, 0.30509173439118265, 0.0001994342081539228, 0.9997561229897544, 0.6024601169672309, 0.900255255523622, 0.9994429920046397]
[0.9996348432016652, 0.9995883364019161, 0.5819530500358511, 0.9994685383673904, 0.9995847483158818, 8.257726413220005e-05, 0.0001353835512645072, 0.00013321480954378933, 0.0001876868229244391, 0.0001219385051228454, 0.3973965382558004, 0.09849572760941983, 0.00023856864527704]
[0.00015482015999603168, 0.00021904440202951097, 0.0001651484370630992, 0.0002719436729933509, 0.00020762584205909622, 0.9997532576196209, 0.9997041521066665, 0.6947750507992735, 0.9996128789689217, 0.0001219385051228454, 0.00014334477696878933, 0.0012490168669581124, 0.0003184393500831899]

gen_Xbest[72]:
[0.00021033663833874383, 0.00019261919605437813, 0.4178818015270859, 0.0002595179596162289, 0.00020762584205909622, 0.00016416511624697767, 0.00016046434206895145, 0.30509173439118265, 0.0001994342081539228, 0.9997561229897544, 0.6024601169672309, 0.900255255523622, 0.9994429920046397]
[0.9996348432016652, 0.9995883364019161, 0.5819530500358511, 0.9994685383673904, 0.9995847483158818, 8.257726413220005e-05, 0.0001353835512645072, 0.00013321480954378933, 0.0001876868229244391, 0.0001219385051228454, 0.3973965382558004, 0.09849572760941983, 0.00023856864527704]
[0.00015482015999603168, 0.00021904440202951097, 0.0001651484370630992, 0.0002719436729933509, 0.00020762584205909622, 0.9997532576196209, 0.9997041521066665, 0.6947750507992735, 0.9996128789689217, 0.0001219385051228454, 0.00014334477696878933, 0.0012490168669581124, 0.0003184393500831899]

gen_Xbest[73]:
[0.00021033663833874383, 0.00019261919605437813, 0.4178818015270859, 0.0002595179596162289, 0.00020762584205909622, 0.00016416511624697767, 0.00016046434206895145, 0.30509173439118265, 0.0001994342081539228, 0.9997561229897544, 0.6024601169672309, 0.900255255523622, 0.9994429920046397]
[0.9996348432016652, 0.9995883364019161, 0.5819530500358511, 0.9994685383673904, 0.9995847483158818, 8.257726413220005e-05, 0.0001353835512645072, 0.00013321480954378933, 0.0001876868229244391, 0.0001219385051228454, 0.3973965382558004, 0.09849572760941983, 0.00023856864527704]
[0.00015482015999603168, 0.00021904440202951097, 0.0001651484370630992, 0.0002719436729933509, 0.00020762584205909622, 0.9997532576196209, 0.9997041521066665, 0.6947750507992735, 0.9996128789689217, 0.0001219385051228454, 0.00014334477696878933, 0.0012490168669581124, 0.0003184393500831899]

gen_Xbest[74]:
[0.00021033663833874383, 0.00019261919605437813, 0.4178818015270859, 0.0002595179596162289, 0.00020762584205909622, 0.00016416511624697767, 0.00016046434206895145, 0.30509173439118265, 0.0001994342081539228, 0.9997561229897544, 0.6024601169672309, 0.900255255523622, 0.9994429920046397]
[0.9996348432016652, 0.9995883364019161, 0.5819530500358511, 0.9994685383673904, 0.9995847483158818, 8.257726413220005e-05, 0.0001353835512645072, 0.00013321480954378933, 0.0001876868229244391, 0.0001219385051228454, 0.3973965382558004, 0.09849572760941983, 0.00023856864527704]
[0.00015482015999603168, 0.00021904440202951097, 0.0001651484370630992, 0.0002719436729933509, 0.00020762584205909622, 0.9997532576196209, 0.9997041521066665, 0.6947750507992735, 0.9996128789689217, 0.0001219385051228454, 0.00014334477696878933, 0.0012490168669581124, 0.0003184393500831899]

gen_Xbest[75]:
[0.00021033663833874383, 0.00019261919605437813, 0.4178818015270859, 0.0002595179596162289, 0.00020762584205909622, 0.00016416511624697767, 0.00016046434206895145, 0.30509173439118265, 0.0001994342081539228, 0.9997561229897544, 0.6024601169672309, 0.900255255523622, 0.9994429920046397]
[0.9996348432016652, 0.9995883364019161, 0.5819530500358511, 0.9994685383673904, 0.9995847483158818, 8.257726413220005e-05, 0.0001353835512645072, 0.00013321480954378933, 0.0001876868229244391, 0.0001219385051228454, 0.3973965382558004, 0.09849572760941983, 0.00023856864527704]
[0.00015482015999603168, 0.00021904440202951097, 0.0001651484370630992, 0.0002719436729933509, 0.00020762584205909622, 0.9997532576196209, 0.9997041521066665, 0.6947750507992735, 0.9996128789689217, 0.0001219385051228454, 0.00014334477696878933, 0.0012490168669581124, 0.0003184393500831899]

gen_Xbest[76]:
[0.00021033663833874383, 0.00019261919605437813, 0.4178818015270859, 0.0002595179596162289, 0.00020762584205909622, 0.00016416511624697767, 0.00016046434206895145, 0.30509173439118265, 0.0001994342081539228, 0.9997561229897544, 0.6024601169672309, 0.900255255523622, 0.9994429920046397]
[0.9996348432016652, 0.9995883364019161, 0.5819530500358511, 0.9994685383673904, 0.9995847483158818, 8.257726413220005e-05, 0.0001353835512645072, 0.00013321480954378933, 0.0001876868229244391, 0.0001219385051228454, 0.3973965382558004, 0.09849572760941983, 0.00023856864527704]
[0.00015482015999603168, 0.00021904440202951097, 0.0001651484370630992, 0.0002719436729933509, 0.00020762584205909622, 0.9997532576196209, 0.9997041521066665, 0.6947750507992735, 0.9996128789689217, 0.0001219385051228454, 0.00014334477696878933, 0.0012490168669581124, 0.0003184393500831899]

gen_Xbest[77]:
[0.00021033663833874383, 0.00019261919605437813, 0.4178818015270859, 0.0002595179596162289, 0.00020762584205909622, 0.00016416511624697767, 0.00016046434206895145, 0.30509173439118265, 0.0001994342081539228, 0.9997561229897544, 0.6024601169672309, 0.900255255523622, 0.9994429920046397]
[0.9996348432016652, 0.9995883364019161, 0.5819530500358511, 0.9994685383673904, 0.9995847483158818, 8.257726413220005e-05, 0.0001353835512645072, 0.00013321480954378933, 0.0001876868229244391, 0.0001219385051228454, 0.3973965382558004, 0.09849572760941983, 0.00023856864527704]
[0.00015482015999603168, 0.00021904440202951097, 0.0001651484370630992, 0.0002719436729933509, 0.00020762584205909622, 0.9997532576196209, 0.9997041521066665, 0.6947750507992735, 0.9996128789689217, 0.0001219385051228454, 0.00014334477696878933, 0.0012490168669581124, 0.0003184393500831899]

gen_Xbest[78]:
[0.00021033663833874383, 0.00019261919605437813, 0.4178818015270859, 0.0002595179596162289, 0.00020762584205909622, 0.00016416511624697767, 0.00016046434206895145, 0.30509173439118265, 0.0001994342081539228, 0.9997561229897544, 0.6024601169672309, 0.900255255523622, 0.9994429920046397]
[0.9996348432016652, 0.9995883364019161, 0.5819530500358511, 0.9994685383673904, 0.9995847483158818, 8.257726413220005e-05, 0.0001353835512645072, 0.00013321480954378933, 0.0001876868229244391, 0.0001219385051228454, 0.3973965382558004, 0.09849572760941983, 0.00023856864527704]
[0.00015482015999603168, 0.00021904440202951097, 0.0001651484370630992, 0.0002719436729933509, 0.00020762584205909622, 0.9997532576196209, 0.9997041521066665, 0.6947750507992735, 0.9996128789689217, 0.0001219385051228454, 0.00014334477696878933, 0.0012490168669581124, 0.0003184393500831899]

gen_Xbest[79]:
[0.00021033663833874383, 0.00019261919605437813, 0.4178818015270859, 0.0002595179596162289, 0.00020762584205909622, 0.00016416511624697767, 0.00016046434206895145, 0.30509173439118265, 0.0001994342081539228, 0.9997561229897544, 0.6024601169672309, 0.900255255523622, 0.9994429920046397]
[0.9996348432016652, 0.9995883364019161, 0.5819530500358511, 0.9994685383673904, 0.9995847483158818, 8.257726413220005e-05, 0.0001353835512645072, 0.00013321480954378933, 0.0001876868229244391, 0.0001219385051228454, 0.3973965382558004, 0.09849572760941983, 0.00023856864527704]
[0.00015482015999603168, 0.00021904440202951097, 0.0001651484370630992, 0.0002719436729933509, 0.00020762584205909622, 0.9997532576196209, 0.9997041521066665, 0.6947750507992735, 0.9996128789689217, 0.0001219385051228454, 0.00014334477696878933, 0.0012490168669581124, 0.0003184393500831899]

gen_Xbest[80]:
[0.00021033663833874383, 0.00019261919605437813, 0.4178818015270859, 0.0002595179596162289, 0.00020762584205909622, 0.00016416511624697767, 0.00016046434206895145, 0.30509173439118265, 0.0001994342081539228, 0.9997561229897544, 0.6024601169672309, 0.900255255523622, 0.9994429920046397]
[0.9996348432016652, 0.9995883364019161, 0.5819530500358511, 0.9994685383673904, 0.9995847483158818, 8.257726413220005e-05, 0.0001353835512645072, 0.00013321480954378933, 0.0001876868229244391, 0.0001219385051228454, 0.3973965382558004, 0.09849572760941983, 0.00023856864527704]
[0.00015482015999603168, 0.00021904440202951097, 0.0001651484370630992, 0.0002719436729933509, 0.00020762584205909622, 0.9997532576196209, 0.9997041521066665, 0.6947750507992735, 0.9996128789689217, 0.0001219385051228454, 0.00014334477696878933, 0.0012490168669581124, 0.0003184393500831899]

gen_Xbest[81]:
[0.00021033663833874383, 0.00019261919605437813, 0.4178818015270859, 0.0002595179596162289, 0.00020762584205909622, 0.00016416511624697767, 0.00016046434206895145, 0.30509173439118265, 0.0001994342081539228, 0.9997561229897544, 0.6024601169672309, 0.900255255523622, 0.9994429920046397]
[0.9996348432016652, 0.9995883364019161, 0.5819530500358511, 0.9994685383673904, 0.9995847483158818, 8.257726413220005e-05, 0.0001353835512645072, 0.00013321480954378933, 0.0001876868229244391, 0.0001219385051228454, 0.3973965382558004, 0.09849572760941983, 0.00023856864527704]
[0.00015482015999603168, 0.00021904440202951097, 0.0001651484370630992, 0.0002719436729933509, 0.00020762584205909622, 0.9997532576196209, 0.9997041521066665, 0.6947750507992735, 0.9996128789689217, 0.0001219385051228454, 0.00014334477696878933, 0.0012490168669581124, 0.0003184393500831899]

gen_Xbest[82]:
[0.00021033663833874383, 0.00019261919605437813, 0.4178818015270859, 0.0002595179596162289, 0.00020762584205909622, 0.00016416511624697767, 0.00016046434206895145, 0.30509173439118265, 0.0001994342081539228, 0.9997561229897544, 0.6024601169672309, 0.900255255523622, 0.9994429920046397]
[0.9996348432016652, 0.9995883364019161, 0.5819530500358511, 0.9994685383673904, 0.9995847483158818, 8.257726413220005e-05, 0.0001353835512645072, 0.00013321480954378933, 0.0001876868229244391, 0.0001219385051228454, 0.3973965382558004, 0.09849572760941983, 0.00023856864527704]
[0.00015482015999603168, 0.00021904440202951097, 0.0001651484370630992, 0.0002719436729933509, 0.00020762584205909622, 0.9997532576196209, 0.9997041521066665, 0.6947750507992735, 0.9996128789689217, 0.0001219385051228454, 0.00014334477696878933, 0.0012490168669581124, 0.0003184393500831899]

gen_Xbest[83]:
[0.00021033663833874383, 0.00019261919605437813, 0.4178818015270859, 0.0002595179596162289, 0.00020762584205909622, 0.00016416511624697767, 0.00016046434206895145, 0.30509173439118265, 0.0001994342081539228, 0.9997561229897544, 0.6024601169672309, 0.900255255523622, 0.9994429920046397]
[0.9996348432016652, 0.9995883364019161, 0.5819530500358511, 0.9994685383673904, 0.9995847483158818, 8.257726413220005e-05, 0.0001353835512645072, 0.00013321480954378933, 0.0001876868229244391, 0.0001219385051228454, 0.3973965382558004, 0.09849572760941983, 0.00023856864527704]
[0.00015482015999603168, 0.00021904440202951097, 0.0001651484370630992, 0.0002719436729933509, 0.00020762584205909622, 0.9997532576196209, 0.9997041521066665, 0.6947750507992735, 0.9996128789689217, 0.0001219385051228454, 0.00014334477696878933, 0.0012490168669581124, 0.0003184393500831899]

gen_Xbest[84]:
[0.00021033663833874383, 0.00019261919605437813, 0.4178818015270859, 0.0002595179596162289, 0.00020762584205909622, 0.00016416511624697767, 0.00016046434206895145, 0.30509173439118265, 0.0001994342081539228, 0.9997561229897544, 0.6024601169672309, 0.900255255523622, 0.9994429920046397]
[0.9996348432016652, 0.9995883364019161, 0.5819530500358511, 0.9994685383673904, 0.9995847483158818, 8.257726413220005e-05, 0.0001353835512645072, 0.00013321480954378933, 0.0001876868229244391, 0.0001219385051228454, 0.3973965382558004, 0.09849572760941983, 0.00023856864527704]
[0.00015482015999603168, 0.00021904440202951097, 0.0001651484370630992, 0.0002719436729933509, 0.00020762584205909622, 0.9997532576196209, 0.9997041521066665, 0.6947750507992735, 0.9996128789689217, 0.0001219385051228454, 0.00014334477696878933, 0.0012490168669581124, 0.0003184393500831899]

gen_Xbest[85]:
[0.00021033663833874383, 0.00019261919605437813, 0.4178818015270859, 0.0002595179596162289, 0.00020762584205909622, 0.00016416511624697767, 0.00016046434206895145, 0.30509173439118265, 0.0001994342081539228, 0.9997561229897544, 0.6024601169672309, 0.900255255523622, 0.9994429920046397]
[0.9996348432016652, 0.9995883364019161, 0.5819530500358511, 0.9994685383673904, 0.9995847483158818, 8.257726413220005e-05, 0.0001353835512645072, 0.00013321480954378933, 0.0001876868229244391, 0.0001219385051228454, 0.3973965382558004, 0.09849572760941983, 0.00023856864527704]
[0.00015482015999603168, 0.00021904440202951097, 0.0001651484370630992, 0.0002719436729933509, 0.00020762584205909622, 0.9997532576196209, 0.9997041521066665, 0.6947750507992735, 0.9996128789689217, 0.0001219385051228454, 0.00014334477696878933, 0.0012490168669581124, 0.0003184393500831899]

gen_Xbest[86]:
[0.00021033663833874383, 0.00019261919605437813, 0.4178818015270859, 0.0002595179596162289, 0.00020762584205909622, 0.00016416511624697767, 0.00016046434206895145, 0.30509173439118265, 0.0001994342081539228, 0.9997561229897544, 0.6024601169672309, 0.900255255523622, 0.9994429920046397]
[0.9996348432016652, 0.9995883364019161, 0.5819530500358511, 0.9994685383673904, 0.9995847483158818, 8.257726413220005e-05, 0.0001353835512645072, 0.00013321480954378933, 0.0001876868229244391, 0.0001219385051228454, 0.3973965382558004, 0.09849572760941983, 0.00023856864527704]
[0.00015482015999603168, 0.00021904440202951097, 0.0001651484370630992, 0.0002719436729933509, 0.00020762584205909622, 0.9997532576196209, 0.9997041521066665, 0.6947750507992735, 0.9996128789689217, 0.0001219385051228454, 0.00014334477696878933, 0.0012490168669581124, 0.0003184393500831899]

gen_Xbest[87]:
[0.00021033663833874383, 0.00019261919605437813, 0.4178818015270859, 0.0002595179596162289, 0.00020762584205909622, 0.00016416511624697767, 0.00016046434206895145, 0.30509173439118265, 0.0001994342081539228, 0.9997561229897544, 0.6024601169672309, 0.900255255523622, 0.9994429920046397]
[0.9996348432016652, 0.9995883364019161, 0.5819530500358511, 0.9994685383673904, 0.9995847483158818, 8.257726413220005e-05, 0.0001353835512645072, 0.00013321480954378933, 0.0001876868229244391, 0.0001219385051228454, 0.3973965382558004, 0.09849572760941983, 0.00023856864527704]
[0.00015482015999603168, 0.00021904440202951097, 0.0001651484370630992, 0.0002719436729933509, 0.00020762584205909622, 0.9997532576196209, 0.9997041521066665, 0.6947750507992735, 0.9996128789689217, 0.0001219385051228454, 0.00014334477696878933, 0.0012490168669581124, 0.0003184393500831899]

gen_Xbest[88]:
[0.00021033663833874383, 0.00019261919605437813, 0.4178818015270859, 0.0002595179596162289, 0.00020762584205909622, 0.00016416511624697767, 0.00016046434206895145, 0.30509173439118265, 0.0001994342081539228, 0.9997561229897544, 0.6024601169672309, 0.900255255523622, 0.9994429920046397]
[0.9996348432016652, 0.9995883364019161, 0.5819530500358511, 0.9994685383673904, 0.9995847483158818, 8.257726413220005e-05, 0.0001353835512645072, 0.00013321480954378933, 0.0001876868229244391, 0.0001219385051228454, 0.3973965382558004, 0.09849572760941983, 0.00023856864527704]
[0.00015482015999603168, 0.00021904440202951097, 0.0001651484370630992, 0.0002719436729933509, 0.00020762584205909622, 0.9997532576196209, 0.9997041521066665, 0.6947750507992735, 0.9996128789689217, 0.0001219385051228454, 0.00014334477696878933, 0.0012490168669581124, 0.0003184393500831899]

gen_Xbest[89]:
[0.00021033663833874383, 0.00019261919605437813, 0.4178818015270859, 0.0002595179596162289, 0.00020762584205909622, 0.00016416511624697767, 0.00016046434206895145, 0.30509173439118265, 0.0001994342081539228, 0.9997561229897544, 0.6024601169672309, 0.900255255523622, 0.9994429920046397]
[0.9996348432016652, 0.9995883364019161, 0.5819530500358511, 0.9994685383673904, 0.9995847483158818, 8.257726413220005e-05, 0.0001353835512645072, 0.00013321480954378933, 0.0001876868229244391, 0.0001219385051228454, 0.3973965382558004, 0.09849572760941983, 0.00023856864527704]
[0.00015482015999603168, 0.00021904440202951097, 0.0001651484370630992, 0.0002719436729933509, 0.00020762584205909622, 0.9997532576196209, 0.9997041521066665, 0.6947750507992735, 0.9996128789689217, 0.0001219385051228454, 0.00014334477696878933, 0.0012490168669581124, 0.0003184393500831899]

gen_Xbest[90]:
[0.00021033663833874383, 0.00019261919605437813, 0.4178818015270859, 0.0002595179596162289, 0.00020762584205909622, 0.00016416511624697767, 0.00016046434206895145, 0.30509173439118265, 0.0001994342081539228, 0.9997561229897544, 0.6024601169672309, 0.900255255523622, 0.9994429920046397]
[0.9996348432016652, 0.9995883364019161, 0.5819530500358511, 0.9994685383673904, 0.9995847483158818, 8.257726413220005e-05, 0.0001353835512645072, 0.00013321480954378933, 0.0001876868229244391, 0.0001219385051228454, 0.3973965382558004, 0.09849572760941983, 0.00023856864527704]
[0.00015482015999603168, 0.00021904440202951097, 0.0001651484370630992, 0.0002719436729933509, 0.00020762584205909622, 0.9997532576196209, 0.9997041521066665, 0.6947750507992735, 0.9996128789689217, 0.0001219385051228454, 0.00014334477696878933, 0.0012490168669581124, 0.0003184393500831899]

gen_Xbest[91]:
[0.00021033663833874383, 0.00019261919605437813, 0.4178818015270859, 0.0002595179596162289, 0.00020762584205909622, 0.00016416511624697767, 0.00016046434206895145, 0.30509173439118265, 0.0001994342081539228, 0.9997561229897544, 0.6024601169672309, 0.900255255523622, 0.9994429920046397]
[0.9996348432016652, 0.9995883364019161, 0.5819530500358511, 0.9994685383673904, 0.9995847483158818, 8.257726413220005e-05, 0.0001353835512645072, 0.00013321480954378933, 0.0001876868229244391, 0.0001219385051228454, 0.3973965382558004, 0.09849572760941983, 0.00023856864527704]
[0.00015482015999603168, 0.00021904440202951097, 0.0001651484370630992, 0.0002719436729933509, 0.00020762584205909622, 0.9997532576196209, 0.9997041521066665, 0.6947750507992735, 0.9996128789689217, 0.0001219385051228454, 0.00014334477696878933, 0.0012490168669581124, 0.0003184393500831899]

gen_Xbest[92]:
[0.00021033663833874383, 0.00019261919605437813, 0.4178818015270859, 0.0002595179596162289, 0.00020762584205909622, 0.00016416511624697767, 0.00016046434206895145, 0.30509173439118265, 0.0001994342081539228, 0.9997561229897544, 0.6024601169672309, 0.900255255523622, 0.9994429920046397]
[0.9996348432016652, 0.9995883364019161, 0.5819530500358511, 0.9994685383673904, 0.9995847483158818, 8.257726413220005e-05, 0.0001353835512645072, 0.00013321480954378933, 0.0001876868229244391, 0.0001219385051228454, 0.3973965382558004, 0.09849572760941983, 0.00023856864527704]
[0.00015482015999603168, 0.00021904440202951097, 0.0001651484370630992, 0.0002719436729933509, 0.00020762584205909622, 0.9997532576196209, 0.9997041521066665, 0.6947750507992735, 0.9996128789689217, 0.0001219385051228454, 0.00014334477696878933, 0.0012490168669581124, 0.0003184393500831899]

gen_Xbest[93]:
[0.00021033663833874383, 0.00019261919605437813, 0.4178818015270859, 0.0002595179596162289, 0.00020762584205909622, 0.00016416511624697767, 0.00016046434206895145, 0.30509173439118265, 0.0001994342081539228, 0.9997561229897544, 0.6024601169672309, 0.900255255523622, 0.9994429920046397]
[0.9996348432016652, 0.9995883364019161, 0.5819530500358511, 0.9994685383673904, 0.9995847483158818, 8.257726413220005e-05, 0.0001353835512645072, 0.00013321480954378933, 0.0001876868229244391, 0.0001219385051228454, 0.3973965382558004, 0.09849572760941983, 0.00023856864527704]
[0.00015482015999603168, 0.00021904440202951097, 0.0001651484370630992, 0.0002719436729933509, 0.00020762584205909622, 0.9997532576196209, 0.9997041521066665, 0.6947750507992735, 0.9996128789689217, 0.0001219385051228454, 0.00014334477696878933, 0.0012490168669581124, 0.0003184393500831899]

gen_Xbest[94]:
[0.00021033663833874383, 0.00019261919605437813, 0.4178818015270859, 0.0002595179596162289, 0.00020762584205909622, 0.00016416511624697767, 0.00016046434206895145, 0.30509173439118265, 0.0001994342081539228, 0.9997561229897544, 0.6024601169672309, 0.900255255523622, 0.9994429920046397]
[0.9996348432016652, 0.9995883364019161, 0.5819530500358511, 0.9994685383673904, 0.9995847483158818, 8.257726413220005e-05, 0.0001353835512645072, 0.00013321480954378933, 0.0001876868229244391, 0.0001219385051228454, 0.3973965382558004, 0.09849572760941983, 0.00023856864527704]
[0.00015482015999603168, 0.00021904440202951097, 0.0001651484370630992, 0.0002719436729933509, 0.00020762584205909622, 0.9997532576196209, 0.9997041521066665, 0.6947750507992735, 0.9996128789689217, 0.0001219385051228454, 0.00014334477696878933, 0.0012490168669581124, 0.0003184393500831899]

gen_Xbest[95]:
[0.00021033663833874383, 0.00019261919605437813, 0.4178818015270859, 0.0002595179596162289, 0.00020762584205909622, 0.00016416511624697767, 0.00016046434206895145, 0.30509173439118265, 0.0001994342081539228, 0.9997561229897544, 0.6024601169672309, 0.900255255523622, 0.9994429920046397]
[0.9996348432016652, 0.9995883364019161, 0.5819530500358511, 0.9994685383673904, 0.9995847483158818, 8.257726413220005e-05, 0.0001353835512645072, 0.00013321480954378933, 0.0001876868229244391, 0.0001219385051228454, 0.3973965382558004, 0.09849572760941983, 0.00023856864527704]
[0.00015482015999603168, 0.00021904440202951097, 0.0001651484370630992, 0.0002719436729933509, 0.00020762584205909622, 0.9997532576196209, 0.9997041521066665, 0.6947750507992735, 0.9996128789689217, 0.0001219385051228454, 0.00014334477696878933, 0.0012490168669581124, 0.0003184393500831899]

gen_Xbest[96]:
[0.00021033663833874383, 0.00019261919605437813, 0.4178818015270859, 0.0002595179596162289, 0.00020762584205909622, 0.00016416511624697767, 0.00016046434206895145, 0.30509173439118265, 0.0001994342081539228, 0.9997561229897544, 0.6024601169672309, 0.900255255523622, 0.9994429920046397]
[0.9996348432016652, 0.9995883364019161, 0.5819530500358511, 0.9994685383673904, 0.9995847483158818, 8.257726413220005e-05, 0.0001353835512645072, 0.00013321480954378933, 0.0001876868229244391, 0.0001219385051228454, 0.3973965382558004, 0.09849572760941983, 0.00023856864527704]
[0.00015482015999603168, 0.00021904440202951097, 0.0001651484370630992, 0.0002719436729933509, 0.00020762584205909622, 0.9997532576196209, 0.9997041521066665, 0.6947750507992735, 0.9996128789689217, 0.0001219385051228454, 0.00014334477696878933, 0.0012490168669581124, 0.0003184393500831899]

gen_Xbest[97]:
[0.00021033663833874383, 0.00019261919605437813, 0.4178818015270859, 0.0002595179596162289, 0.00020762584205909622, 0.00016416511624697767, 0.00016046434206895145, 0.30509173439118265, 0.0001994342081539228, 0.9997561229897544, 0.6024601169672309, 0.900255255523622, 0.9994429920046397]
[0.9996348432016652, 0.9995883364019161, 0.5819530500358511, 0.9994685383673904, 0.9995847483158818, 8.257726413220005e-05, 0.0001353835512645072, 0.00013321480954378933, 0.0001876868229244391, 0.0001219385051228454, 0.3973965382558004, 0.09849572760941983, 0.00023856864527704]
[0.00015482015999603168, 0.00021904440202951097, 0.0001651484370630992, 0.0002719436729933509, 0.00020762584205909622, 0.9997532576196209, 0.9997041521066665, 0.6947750507992735, 0.9996128789689217, 0.0001219385051228454, 0.00014334477696878933, 0.0012490168669581124, 0.0003184393500831899]

gen_Xbest[98]:
[0.00021033663833874383, 0.00019261919605437813, 0.4178818015270859, 0.0002595179596162289, 0.00020762584205909622, 0.00016416511624697767, 0.00016046434206895145, 0.30509173439118265, 0.0001994342081539228, 0.9997561229897544, 0.6024601169672309, 0.900255255523622, 0.9994429920046397]
[0.9996348432016652, 0.9995883364019161, 0.5819530500358511, 0.9994685383673904, 0.9995847483158818, 8.257726413220005e-05, 0.0001353835512645072, 0.00013321480954378933, 0.0001876868229244391, 0.0001219385051228454, 0.3973965382558004, 0.09849572760941983, 0.00023856864527704]
[0.00015482015999603168, 0.00021904440202951097, 0.0001651484370630992, 0.0002719436729933509, 0.00020762584205909622, 0.9997532576196209, 0.9997041521066665, 0.6947750507992735, 0.9996128789689217, 0.0001219385051228454, 0.00014334477696878933, 0.0012490168669581124, 0.0003184393500831899]

gen_Xbest[99]:
[0.00021033663833874383, 0.00019261919605437813, 0.4178818015270859, 0.0002595179596162289, 0.00020762584205909622, 0.00016416511624697767, 0.00016046434206895145, 0.30509173439118265, 0.0001994342081539228, 0.9997561229897544, 0.6024601169672309, 0.900255255523622, 0.9994429920046397]
[0.9996348432016652, 0.9995883364019161, 0.5819530500358511, 0.9994685383673904, 0.9995847483158818, 8.257726413220005e-05, 0.0001353835512645072, 0.00013321480954378933, 0.0001876868229244391, 0.0001219385051228454, 0.3973965382558004, 0.09849572760941983, 0.00023856864527704]
[0.00015482015999603168, 0.00021904440202951097, 0.0001651484370630992, 0.0002719436729933509, 0.00020762584205909622, 0.9997532576196209, 0.9997041521066665, 0.6947750507992735, 0.9996128789689217, 0.0001219385051228454, 0.00014334477696878933, 0.0012490168669581124, 0.0003184393500831899]

