gen_Xbest[0]:
[0.000307500483903208, 0.0002643053275448114, 0.00027315807817398455, 0.3222005443443095, 0.0005859300460390522, 0.1941910404970748, 0.00022792845636578597, 0.39068507093791077, 0.05638651008054492, 0.5208320245183125, 0.0011161533701366847, 0.7875347630256638, 0.9996647200290765]
[0.2439046614374149, 0.0002643053275448114, 0.00027315807817398455, 0.00012908079698119591, 0.9988281399079219, 0.8056557806151227, 0.9995441430872685, 0.5186820717440951, 0.6712311773174917, 0.4787881066844643, 0.4153447522539946, 0.2122492578253458, 0.00016763998546180181]
[0.7557878380786819, 0.9994713893449104, 0.9994536838436521, 0.6776703748587094, 0.0005859300460390522, 0.00015317888780240157, 0.00022792845636578597, 0.09063285731799424, 0.2723823126019634, 0.0003798687972231932, 0.5835390943758687, 0.00021597914899038157, 0.00016763998546180181]

gen_Xbest[1]:
[0.2881895863970617, 0.25014629143033873, 0.2501450418401618, 0.42141913941234543, 0.3068012256611946, 0.3829727697801433, 0.2933768562556272, 0.041057240460747144, 0.4431164800539154, 0.8141473835936203, 0.5814785743602132, 0.5619733339743889, 0.8533180286581409]
[0.3254270413889846, 0.27653144170521815, 0.26985650417369955, 0.15646213002748666, 0.496482517560267, 0.5441009773986588, 0.5373719292706123, 0.5505330255464533, 0.46928565613140044, 0.03492479155949288, 0.1793405359802448, 0.3472669090775149, 0.07351066009496829]
[0.3863833722139537, 0.4733222668644432, 0.4799984539861387, 0.42211873056016785, 0.19671625677853838, 0.07292625282119787, 0.16925121447376051, 0.4084097339927995, 0.08759786381468412, 0.15092782484688685, 0.23918088965954198, 0.09075975694809638, 0.07317131124689089]

gen_Xbest[2]:
[0.24517362227720688, 0.22364836590344542, 0.22563625182259575, 0.19794037644961393, 0.052110599388980466, 0.09017865266839427, 0.3397606907403699, 0.06391070098921758, 0.4725823991811474, 0.7809157991871499, 0.4375231402324191, 0.6880336673121215, 0.6023653573102871]
[0.18381488873578175, 0.12220150100742175, 0.11631075711266352, 9.854352066305905e-05, 0.39825534407814805, 0.8742491264511693, 0.6601394006531038, 0.5293599625306785, 0.5273184211163011, 0.01922984826113867, 0.43145473276596175, 0.13661176481990792, 0.12272969838214406]
[0.5710114889870114, 0.6541501330891328, 0.6580529910647407, 0.801961080029723, 0.5496340565328715, 0.03557222088043649, 9.990860652623991e-05, 0.4067293364801039, 9.917970255153227e-05, 0.1998543525517114, 0.13102212700161917, 0.17535456786797068, 0.2749049443075689]

gen_Xbest[3]:
[0.004347498753801081, 0.00010365761070494534, 0.008423792760410253, 0.21854203803756123, 0.2791134517737576, 0.2665655284535963, 0.007489942406763162, 0.07630912940416672, 0.27940386363459846, 0.7359029121525401, 0.5574791778978152, 0.992398111630886, 0.9851091771048696]
[0.06761332243337598, 0.07231630997576516, 0.004395383181482447, 0.00012231973806584801, 0.07064218048273693, 0.6726626473209242, 0.9923751501863373, 0.5549660252216598, 0.7204744757555448, 0.21594890460473395, 0.2554991966605874, 0.0010152892813076566, 0.004641746026301002]
[0.9280391788128228, 0.9275800324135299, 0.9871808240581073, 0.7813356422243729, 0.6502443677435055, 0.06077182422547948, 0.00013490740689951663, 0.3687248453741736, 0.00012166060985667979, 0.0481481832427259, 0.18702162544159742, 0.006586599087806342, 0.01024907686882938]

gen_Xbest[4]:
[0.013785305469173118, 0.009484565312387255, 0.057230880054741376, 0.20307057110254326, 0.18165566053411486, 0.16857481591711646, 8.115866647720932e-05, 0.07396338485642508, 0.22209950519631302, 0.8028843389395246, 0.6689563423193796, 0.999822001741689, 0.9268625210673255]
[0.015803761172545092, 0.026604989407962146, 9.59528158015235e-05, 0.00012046791447519439, 0.09336281584758166, 0.6173650500453086, 0.9998376826670456, 0.5449712420669152, 0.7778035805067646, 0.19701670162652477, 0.21118994096773136, 8.899912915552528e-05, 0.008106712944803883]
[0.9704109333582818, 0.9639104452796506, 0.9426731671294571, 0.7968089609829816, 0.7249815236183035, 0.2140601340375749, 8.115866647720932e-05, 0.3810653730766597, 9.691429692253815e-05, 9.89594339506751e-05, 0.11985371671288911, 8.899912915552528e-05, 0.06503076598787061]

gen_Xbest[5]:
[0.00015480879556103715, 0.0001471062141116654, 0.00014170943697022938, 0.00013512630447693006, 0.00024449209815325843, 0.00028389513169033474, 0.00013051659572581802, 0.00039870198211341046, 0.0001741046140793079, 0.9996880643483952, 0.8979443836034596, 0.9997913506352485, 0.9997371858640266]
[0.00015480879556103715, 0.0001471062141116654, 0.00014170943697022938, 0.00013512630447693006, 0.00024449209815325843, 0.9994322097366194, 0.9997389668085483, 0.8550143389601983, 0.9996517907718414, 0.00015596782580242882, 0.10190784846814814, 0.00010432468237575449, 0.00013140706798669372]
[0.999690382408878, 0.9997057875717767, 0.9997165811260595, 0.9997297473910461, 0.9995110158036935, 0.00028389513169033474, 0.00013051659572581802, 0.1445869590576883, 0.0001741046140793079, 0.00015596782580242882, 0.00014776792839227596, 0.00010432468237575449, 0.00013140706798669372]

gen_Xbest[6]:
[0.00015480879556103715, 0.0001471062141116654, 0.00014170943697022938, 0.00013512630447693006, 0.00024449209815325843, 0.00028389513169033474, 0.00013051659572581802, 0.00039870198211341046, 0.0001741046140793079, 0.9996880643483952, 0.8979443836034596, 0.9997913506352485, 0.9997371858640266]
[0.00015480879556103715, 0.0001471062141116654, 0.00014170943697022938, 0.00013512630447693006, 0.00024449209815325843, 0.9994322097366194, 0.9997389668085483, 0.8550143389601983, 0.9996517907718414, 0.00015596782580242882, 0.10190784846814814, 0.00010432468237575449, 0.00013140706798669372]
[0.999690382408878, 0.9997057875717767, 0.9997165811260595, 0.9997297473910461, 0.9995110158036935, 0.00028389513169033474, 0.00013051659572581802, 0.1445869590576883, 0.0001741046140793079, 0.00015596782580242882, 0.00014776792839227596, 0.00010432468237575449, 0.00013140706798669372]

gen_Xbest[7]:
[0.00015480879556103715, 0.0001471062141116654, 0.00014170943697022938, 0.00013512630447693006, 0.00024449209815325843, 0.00028389513169033474, 0.00013051659572581802, 0.00039870198211341046, 0.0001741046140793079, 0.9996880643483952, 0.8979443836034596, 0.9997913506352485, 0.9997371858640266]
[0.00015480879556103715, 0.0001471062141116654, 0.00014170943697022938, 0.00013512630447693006, 0.00024449209815325843, 0.9994322097366194, 0.9997389668085483, 0.8550143389601983, 0.9996517907718414, 0.00015596782580242882, 0.10190784846814814, 0.00010432468237575449, 0.00013140706798669372]
[0.999690382408878, 0.9997057875717767, 0.9997165811260595, 0.9997297473910461, 0.9995110158036935, 0.00028389513169033474, 0.00013051659572581802, 0.1445869590576883, 0.0001741046140793079, 0.00015596782580242882, 0.00014776792839227596, 0.00010432468237575449, 0.00013140706798669372]

gen_Xbest[8]:
[0.00015480879556103715, 0.0001471062141116654, 0.00014170943697022938, 0.00013512630447693006, 0.00024449209815325843, 0.00028389513169033474, 0.00013051659572581802, 0.00039870198211341046, 0.0001741046140793079, 0.9996880643483952, 0.8979443836034596, 0.9997913506352485, 0.9997371858640266]
[0.00015480879556103715, 0.0001471062141116654, 0.00014170943697022938, 0.00013512630447693006, 0.00024449209815325843, 0.9994322097366194, 0.9997389668085483, 0.8550143389601983, 0.9996517907718414, 0.00015596782580242882, 0.10190784846814814, 0.00010432468237575449, 0.00013140706798669372]
[0.999690382408878, 0.9997057875717767, 0.9997165811260595, 0.9997297473910461, 0.9995110158036935, 0.00028389513169033474, 0.00013051659572581802, 0.1445869590576883, 0.0001741046140793079, 0.00015596782580242882, 0.00014776792839227596, 0.00010432468237575449, 0.00013140706798669372]

gen_Xbest[9]:
[0.00048473367876548213, 0.0003567503918127362, 0.0006722419131795824, 0.0003572032446947322, 0.00016519441519854912, 0.00025788163965677607, 0.0005285126432726244, 0.0003133128525169975, 0.0004267339513614671, 0.9993277393876353, 0.8679036460771271, 0.9992979481840679, 0.9990182048865348]
[0.0003703886720543905, 0.00033765722570243737, 0.0006433078589344305, 0.0003572032446947322, 0.00016519441519854912, 0.9994842367206865, 0.9991133349206105, 0.9993733742949661, 0.9902086644244855, 0.0003361303061823699, 0.13162210230136098, 0.00046732214701897457, 0.0004908975567325328]
[0.99914487764918, 0.999305592382485, 0.998684450227886, 0.9992855935106106, 0.999669611169603, 0.00025788163965677607, 0.0003581524361169176, 0.0003133128525169975, 0.00936460162415306, 0.0003361303061823699, 0.00047425162151195835, 0.00023472966891313632, 0.0004908975567325328]

gen_Xbest[10]:
[0.00048473367876548213, 0.0003567503918127362, 0.0006722419131795824, 0.0003572032446947322, 0.00016519441519854912, 0.00025788163965677607, 0.0005285126432726244, 0.0003133128525169975, 0.0004267339513614671, 0.9993277393876353, 0.8679036460771271, 0.9992979481840679, 0.9990182048865348]
[0.0003703886720543905, 0.00033765722570243737, 0.0006433078589344305, 0.0003572032446947322, 0.00016519441519854912, 0.9994842367206865, 0.9991133349206105, 0.9993733742949661, 0.9902086644244855, 0.0003361303061823699, 0.13162210230136098, 0.00046732214701897457, 0.0004908975567325328]
[0.99914487764918, 0.999305592382485, 0.998684450227886, 0.9992855935106106, 0.999669611169603, 0.00025788163965677607, 0.0003581524361169176, 0.0003133128525169975, 0.00936460162415306, 0.0003361303061823699, 0.00047425162151195835, 0.00023472966891313632, 0.0004908975567325328]

gen_Xbest[11]:
[0.00048473367876548213, 0.0003567503918127362, 0.0006722419131795824, 0.0003572032446947322, 0.00016519441519854912, 0.00025788163965677607, 0.0005285126432726244, 0.0003133128525169975, 0.0004267339513614671, 0.9993277393876353, 0.8679036460771271, 0.9992979481840679, 0.9990182048865348]
[0.0003703886720543905, 0.00033765722570243737, 0.0006433078589344305, 0.0003572032446947322, 0.00016519441519854912, 0.9994842367206865, 0.9991133349206105, 0.9993733742949661, 0.9902086644244855, 0.0003361303061823699, 0.13162210230136098, 0.00046732214701897457, 0.0004908975567325328]
[0.99914487764918, 0.999305592382485, 0.998684450227886, 0.9992855935106106, 0.999669611169603, 0.00025788163965677607, 0.0003581524361169176, 0.0003133128525169975, 0.00936460162415306, 0.0003361303061823699, 0.00047425162151195835, 0.00023472966891313632, 0.0004908975567325328]

gen_Xbest[12]:
[0.00048473367876548213, 0.0003567503918127362, 0.0006722419131795824, 0.0003572032446947322, 0.00016519441519854912, 0.00025788163965677607, 0.0005285126432726244, 0.0003133128525169975, 0.0004267339513614671, 0.9993277393876353, 0.8679036460771271, 0.9992979481840679, 0.9990182048865348]
[0.0003703886720543905, 0.00033765722570243737, 0.0006433078589344305, 0.0003572032446947322, 0.00016519441519854912, 0.9994842367206865, 0.9991133349206105, 0.9993733742949661, 0.9902086644244855, 0.0003361303061823699, 0.13162210230136098, 0.00046732214701897457, 0.0004908975567325328]
[0.99914487764918, 0.999305592382485, 0.998684450227886, 0.9992855935106106, 0.999669611169603, 0.00025788163965677607, 0.0003581524361169176, 0.0003133128525169975, 0.00936460162415306, 0.0003361303061823699, 0.00047425162151195835, 0.00023472966891313632, 0.0004908975567325328]

gen_Xbest[13]:
[0.00048473367876548213, 0.0003567503918127362, 0.0006722419131795824, 0.0003572032446947322, 0.00016519441519854912, 0.00025788163965677607, 0.0005285126432726244, 0.0003133128525169975, 0.0004267339513614671, 0.9993277393876353, 0.8679036460771271, 0.9992979481840679, 0.9990182048865348]
[0.0003703886720543905, 0.00033765722570243737, 0.0006433078589344305, 0.0003572032446947322, 0.00016519441519854912, 0.9994842367206865, 0.9991133349206105, 0.9993733742949661, 0.9902086644244855, 0.0003361303061823699, 0.13162210230136098, 0.00046732214701897457, 0.0004908975567325328]
[0.99914487764918, 0.999305592382485, 0.998684450227886, 0.9992855935106106, 0.999669611169603, 0.00025788163965677607, 0.0003581524361169176, 0.0003133128525169975, 0.00936460162415306, 0.0003361303061823699, 0.00047425162151195835, 0.00023472966891313632, 0.0004908975567325328]

gen_Xbest[14]:
[0.00048473367876548213, 0.0003567503918127362, 0.0006722419131795824, 0.0003572032446947322, 0.00016519441519854912, 0.00025788163965677607, 0.0005285126432726244, 0.0003133128525169975, 0.0004267339513614671, 0.9993277393876353, 0.8679036460771271, 0.9992979481840679, 0.9990182048865348]
[0.0003703886720543905, 0.00033765722570243737, 0.0006433078589344305, 0.0003572032446947322, 0.00016519441519854912, 0.9994842367206865, 0.9991133349206105, 0.9993733742949661, 0.9902086644244855, 0.0003361303061823699, 0.13162210230136098, 0.00046732214701897457, 0.0004908975567325328]
[0.99914487764918, 0.999305592382485, 0.998684450227886, 0.9992855935106106, 0.999669611169603, 0.00025788163965677607, 0.0003581524361169176, 0.0003133128525169975, 0.00936460162415306, 0.0003361303061823699, 0.00047425162151195835, 0.00023472966891313632, 0.0004908975567325328]

gen_Xbest[15]:
[0.00048473367876548213, 0.0003567503918127362, 0.0006722419131795824, 0.0003572032446947322, 0.00016519441519854912, 0.00025788163965677607, 0.0005285126432726244, 0.0003133128525169975, 0.0004267339513614671, 0.9993277393876353, 0.8679036460771271, 0.9992979481840679, 0.9990182048865348]
[0.0003703886720543905, 0.00033765722570243737, 0.0006433078589344305, 0.0003572032446947322, 0.00016519441519854912, 0.9994842367206865, 0.9991133349206105, 0.9993733742949661, 0.9902086644244855, 0.0003361303061823699, 0.13162210230136098, 0.00046732214701897457, 0.0004908975567325328]
[0.99914487764918, 0.999305592382485, 0.998684450227886, 0.9992855935106106, 0.999669611169603, 0.00025788163965677607, 0.0003581524361169176, 0.0003133128525169975, 0.00936460162415306, 0.0003361303061823699, 0.00047425162151195835, 0.00023472966891313632, 0.0004908975567325328]

gen_Xbest[16]:
[0.00048473367876548213, 0.0003567503918127362, 0.0006722419131795824, 0.0003572032446947322, 0.00016519441519854912, 0.00025788163965677607, 0.0005285126432726244, 0.0003133128525169975, 0.0004267339513614671, 0.9993277393876353, 0.8679036460771271, 0.9992979481840679, 0.9990182048865348]
[0.0003703886720543905, 0.00033765722570243737, 0.0006433078589344305, 0.0003572032446947322, 0.00016519441519854912, 0.9994842367206865, 0.9991133349206105, 0.9993733742949661, 0.9902086644244855, 0.0003361303061823699, 0.13162210230136098, 0.00046732214701897457, 0.0004908975567325328]
[0.99914487764918, 0.999305592382485, 0.998684450227886, 0.9992855935106106, 0.999669611169603, 0.00025788163965677607, 0.0003581524361169176, 0.0003133128525169975, 0.00936460162415306, 0.0003361303061823699, 0.00047425162151195835, 0.00023472966891313632, 0.0004908975567325328]

gen_Xbest[17]:
[0.00048473367876548213, 0.0003567503918127362, 0.0006722419131795824, 0.0003572032446947322, 0.00016519441519854912, 0.00025788163965677607, 0.0005285126432726244, 0.0003133128525169975, 0.0004267339513614671, 0.9993277393876353, 0.8679036460771271, 0.9992979481840679, 0.9990182048865348]
[0.0003703886720543905, 0.00033765722570243737, 0.0006433078589344305, 0.0003572032446947322, 0.00016519441519854912, 0.9994842367206865, 0.9991133349206105, 0.9993733742949661, 0.9902086644244855, 0.0003361303061823699, 0.13162210230136098, 0.00046732214701897457, 0.0004908975567325328]
[0.99914487764918, 0.999305592382485, 0.998684450227886, 0.9992855935106106, 0.999669611169603, 0.00025788163965677607, 0.0003581524361169176, 0.0003133128525169975, 0.00936460162415306, 0.0003361303061823699, 0.00047425162151195835, 0.00023472966891313632, 0.0004908975567325328]

gen_Xbest[18]:
[0.00048473367876548213, 0.0003567503918127362, 0.0006722419131795824, 0.0003572032446947322, 0.00016519441519854912, 0.00025788163965677607, 0.0005285126432726244, 0.0003133128525169975, 0.0004267339513614671, 0.9993277393876353, 0.8679036460771271, 0.9992979481840679, 0.9990182048865348]
[0.0003703886720543905, 0.00033765722570243737, 0.0006433078589344305, 0.0003572032446947322, 0.00016519441519854912, 0.9994842367206865, 0.9991133349206105, 0.9993733742949661, 0.9902086644244855, 0.0003361303061823699, 0.13162210230136098, 0.00046732214701897457, 0.0004908975567325328]
[0.99914487764918, 0.999305592382485, 0.998684450227886, 0.9992855935106106, 0.999669611169603, 0.00025788163965677607, 0.0003581524361169176, 0.0003133128525169975, 0.00936460162415306, 0.0003361303061823699, 0.00047425162151195835, 0.00023472966891313632, 0.0004908975567325328]

gen_Xbest[19]:
[0.00048473367876548213, 0.0003567503918127362, 0.0006722419131795824, 0.0003572032446947322, 0.00016519441519854912, 0.00025788163965677607, 0.0005285126432726244, 0.0003133128525169975, 0.0004267339513614671, 0.9993277393876353, 0.8679036460771271, 0.9992979481840679, 0.9990182048865348]
[0.0003703886720543905, 0.00033765722570243737, 0.0006433078589344305, 0.0003572032446947322, 0.00016519441519854912, 0.9994842367206865, 0.9991133349206105, 0.9993733742949661, 0.9902086644244855, 0.0003361303061823699, 0.13162210230136098, 0.00046732214701897457, 0.0004908975567325328]
[0.99914487764918, 0.999305592382485, 0.998684450227886, 0.9992855935106106, 0.999669611169603, 0.00025788163965677607, 0.0003581524361169176, 0.0003133128525169975, 0.00936460162415306, 0.0003361303061823699, 0.00047425162151195835, 0.00023472966891313632, 0.0004908975567325328]

gen_Xbest[20]:
[0.00048473367876548213, 0.0003567503918127362, 0.0006722419131795824, 0.0003572032446947322, 0.00016519441519854912, 0.00025788163965677607, 0.0005285126432726244, 0.0003133128525169975, 0.0004267339513614671, 0.9993277393876353, 0.8679036460771271, 0.9992979481840679, 0.9990182048865348]
[0.0003703886720543905, 0.00033765722570243737, 0.0006433078589344305, 0.0003572032446947322, 0.00016519441519854912, 0.9994842367206865, 0.9991133349206105, 0.9993733742949661, 0.9902086644244855, 0.0003361303061823699, 0.13162210230136098, 0.00046732214701897457, 0.0004908975567325328]
[0.99914487764918, 0.999305592382485, 0.998684450227886, 0.9992855935106106, 0.999669611169603, 0.00025788163965677607, 0.0003581524361169176, 0.0003133128525169975, 0.00936460162415306, 0.0003361303061823699, 0.00047425162151195835, 0.00023472966891313632, 0.0004908975567325328]

gen_Xbest[21]:
[0.00048473367876548213, 0.0003567503918127362, 0.0006722419131795824, 0.0003572032446947322, 0.00016519441519854912, 0.00025788163965677607, 0.0005285126432726244, 0.0003133128525169975, 0.0004267339513614671, 0.9993277393876353, 0.8679036460771271, 0.9992979481840679, 0.9990182048865348]
[0.0003703886720543905, 0.00033765722570243737, 0.0006433078589344305, 0.0003572032446947322, 0.00016519441519854912, 0.9994842367206865, 0.9991133349206105, 0.9993733742949661, 0.9902086644244855, 0.0003361303061823699, 0.13162210230136098, 0.00046732214701897457, 0.0004908975567325328]
[0.99914487764918, 0.999305592382485, 0.998684450227886, 0.9992855935106106, 0.999669611169603, 0.00025788163965677607, 0.0003581524361169176, 0.0003133128525169975, 0.00936460162415306, 0.0003361303061823699, 0.00047425162151195835, 0.00023472966891313632, 0.0004908975567325328]

gen_Xbest[22]:
[0.00048473367876548213, 0.0003567503918127362, 0.0006722419131795824, 0.0003572032446947322, 0.00016519441519854912, 0.00025788163965677607, 0.0005285126432726244, 0.0003133128525169975, 0.0004267339513614671, 0.9993277393876353, 0.8679036460771271, 0.9992979481840679, 0.9990182048865348]
[0.0003703886720543905, 0.00033765722570243737, 0.0006433078589344305, 0.0003572032446947322, 0.00016519441519854912, 0.9994842367206865, 0.9991133349206105, 0.9993733742949661, 0.9902086644244855, 0.0003361303061823699, 0.13162210230136098, 0.00046732214701897457, 0.0004908975567325328]
[0.99914487764918, 0.999305592382485, 0.998684450227886, 0.9992855935106106, 0.999669611169603, 0.00025788163965677607, 0.0003581524361169176, 0.0003133128525169975, 0.00936460162415306, 0.0003361303061823699, 0.00047425162151195835, 0.00023472966891313632, 0.0004908975567325328]

gen_Xbest[23]:
[0.00048473367876548213, 0.0003567503918127362, 0.0006722419131795824, 0.0003572032446947322, 0.00016519441519854912, 0.00025788163965677607, 0.0005285126432726244, 0.0003133128525169975, 0.0004267339513614671, 0.9993277393876353, 0.8679036460771271, 0.9992979481840679, 0.9990182048865348]
[0.0003703886720543905, 0.00033765722570243737, 0.0006433078589344305, 0.0003572032446947322, 0.00016519441519854912, 0.9994842367206865, 0.9991133349206105, 0.9993733742949661, 0.9902086644244855, 0.0003361303061823699, 0.13162210230136098, 0.00046732214701897457, 0.0004908975567325328]
[0.99914487764918, 0.999305592382485, 0.998684450227886, 0.9992855935106106, 0.999669611169603, 0.00025788163965677607, 0.0003581524361169176, 0.0003133128525169975, 0.00936460162415306, 0.0003361303061823699, 0.00047425162151195835, 0.00023472966891313632, 0.0004908975567325328]

gen_Xbest[24]:
[0.00048473367876548213, 0.0003567503918127362, 0.0006722419131795824, 0.0003572032446947322, 0.00016519441519854912, 0.00025788163965677607, 0.0005285126432726244, 0.0003133128525169975, 0.0004267339513614671, 0.9993277393876353, 0.8679036460771271, 0.9992979481840679, 0.9990182048865348]
[0.0003703886720543905, 0.00033765722570243737, 0.0006433078589344305, 0.0003572032446947322, 0.00016519441519854912, 0.9994842367206865, 0.9991133349206105, 0.9993733742949661, 0.9902086644244855, 0.0003361303061823699, 0.13162210230136098, 0.00046732214701897457, 0.0004908975567325328]
[0.99914487764918, 0.999305592382485, 0.998684450227886, 0.9992855935106106, 0.999669611169603, 0.00025788163965677607, 0.0003581524361169176, 0.0003133128525169975, 0.00936460162415306, 0.0003361303061823699, 0.00047425162151195835, 0.00023472966891313632, 0.0004908975567325328]

gen_Xbest[25]:
[0.00048473367876548213, 0.0003567503918127362, 0.0006722419131795824, 0.0003572032446947322, 0.00016519441519854912, 0.00025788163965677607, 0.0005285126432726244, 0.0003133128525169975, 0.0004267339513614671, 0.9993277393876353, 0.8679036460771271, 0.9992979481840679, 0.9990182048865348]
[0.0003703886720543905, 0.00033765722570243737, 0.0006433078589344305, 0.0003572032446947322, 0.00016519441519854912, 0.9994842367206865, 0.9991133349206105, 0.9993733742949661, 0.9902086644244855, 0.0003361303061823699, 0.13162210230136098, 0.00046732214701897457, 0.0004908975567325328]
[0.99914487764918, 0.999305592382485, 0.998684450227886, 0.9992855935106106, 0.999669611169603, 0.00025788163965677607, 0.0003581524361169176, 0.0003133128525169975, 0.00936460162415306, 0.0003361303061823699, 0.00047425162151195835, 0.00023472966891313632, 0.0004908975567325328]

gen_Xbest[26]:
[0.00048473367876548213, 0.0003567503918127362, 0.0006722419131795824, 0.0003572032446947322, 0.00016519441519854912, 0.00025788163965677607, 0.0005285126432726244, 0.0003133128525169975, 0.0004267339513614671, 0.9993277393876353, 0.8679036460771271, 0.9992979481840679, 0.9990182048865348]
[0.0003703886720543905, 0.00033765722570243737, 0.0006433078589344305, 0.0003572032446947322, 0.00016519441519854912, 0.9994842367206865, 0.9991133349206105, 0.9993733742949661, 0.9902086644244855, 0.0003361303061823699, 0.13162210230136098, 0.00046732214701897457, 0.0004908975567325328]
[0.99914487764918, 0.999305592382485, 0.998684450227886, 0.9992855935106106, 0.999669611169603, 0.00025788163965677607, 0.0003581524361169176, 0.0003133128525169975, 0.00936460162415306, 0.0003361303061823699, 0.00047425162151195835, 0.00023472966891313632, 0.0004908975567325328]

gen_Xbest[27]:
[0.00048473367876548213, 0.0003567503918127362, 0.0006722419131795824, 0.0003572032446947322, 0.00016519441519854912, 0.00025788163965677607, 0.0005285126432726244, 0.0003133128525169975, 0.0004267339513614671, 0.9993277393876353, 0.8679036460771271, 0.9992979481840679, 0.9990182048865348]
[0.0003703886720543905, 0.00033765722570243737, 0.0006433078589344305, 0.0003572032446947322, 0.00016519441519854912, 0.9994842367206865, 0.9991133349206105, 0.9993733742949661, 0.9902086644244855, 0.0003361303061823699, 0.13162210230136098, 0.00046732214701897457, 0.0004908975567325328]
[0.99914487764918, 0.999305592382485, 0.998684450227886, 0.9992855935106106, 0.999669611169603, 0.00025788163965677607, 0.0003581524361169176, 0.0003133128525169975, 0.00936460162415306, 0.0003361303061823699, 0.00047425162151195835, 0.00023472966891313632, 0.0004908975567325328]

gen_Xbest[28]:
[0.00048473367876548213, 0.0003567503918127362, 0.0006722419131795824, 0.0003572032446947322, 0.00016519441519854912, 0.00025788163965677607, 0.0005285126432726244, 0.0003133128525169975, 0.0004267339513614671, 0.9993277393876353, 0.8679036460771271, 0.9992979481840679, 0.9990182048865348]
[0.0003703886720543905, 0.00033765722570243737, 0.0006433078589344305, 0.0003572032446947322, 0.00016519441519854912, 0.9994842367206865, 0.9991133349206105, 0.9993733742949661, 0.9902086644244855, 0.0003361303061823699, 0.13162210230136098, 0.00046732214701897457, 0.0004908975567325328]
[0.99914487764918, 0.999305592382485, 0.998684450227886, 0.9992855935106106, 0.999669611169603, 0.00025788163965677607, 0.0003581524361169176, 0.0003133128525169975, 0.00936460162415306, 0.0003361303061823699, 0.00047425162151195835, 0.00023472966891313632, 0.0004908975567325328]

gen_Xbest[29]:
[0.00048473367876548213, 0.0003567503918127362, 0.0006722419131795824, 0.0003572032446947322, 0.00016519441519854912, 0.00025788163965677607, 0.0005285126432726244, 0.0003133128525169975, 0.0004267339513614671, 0.9993277393876353, 0.8679036460771271, 0.9992979481840679, 0.9990182048865348]
[0.0003703886720543905, 0.00033765722570243737, 0.0006433078589344305, 0.0003572032446947322, 0.00016519441519854912, 0.9994842367206865, 0.9991133349206105, 0.9993733742949661, 0.9902086644244855, 0.0003361303061823699, 0.13162210230136098, 0.00046732214701897457, 0.0004908975567325328]
[0.99914487764918, 0.999305592382485, 0.998684450227886, 0.9992855935106106, 0.999669611169603, 0.00025788163965677607, 0.0003581524361169176, 0.0003133128525169975, 0.00936460162415306, 0.0003361303061823699, 0.00047425162151195835, 0.00023472966891313632, 0.0004908975567325328]

gen_Xbest[30]:
[0.00048473367876548213, 0.0003567503918127362, 0.0006722419131795824, 0.0003572032446947322, 0.00016519441519854912, 0.00025788163965677607, 0.0005285126432726244, 0.0003133128525169975, 0.0004267339513614671, 0.9993277393876353, 0.8679036460771271, 0.9992979481840679, 0.9990182048865348]
[0.0003703886720543905, 0.00033765722570243737, 0.0006433078589344305, 0.0003572032446947322, 0.00016519441519854912, 0.9994842367206865, 0.9991133349206105, 0.9993733742949661, 0.9902086644244855, 0.0003361303061823699, 0.13162210230136098, 0.00046732214701897457, 0.0004908975567325328]
[0.99914487764918, 0.999305592382485, 0.998684450227886, 0.9992855935106106, 0.999669611169603, 0.00025788163965677607, 0.0003581524361169176, 0.0003133128525169975, 0.00936460162415306, 0.0003361303061823699, 0.00047425162151195835, 0.00023472966891313632, 0.0004908975567325328]

gen_Xbest[31]:
[0.00048473367876548213, 0.0003567503918127362, 0.0006722419131795824, 0.0003572032446947322, 0.00016519441519854912, 0.00025788163965677607, 0.0005285126432726244, 0.0003133128525169975, 0.0004267339513614671, 0.9993277393876353, 0.8679036460771271, 0.9992979481840679, 0.9990182048865348]
[0.0003703886720543905, 0.00033765722570243737, 0.0006433078589344305, 0.0003572032446947322, 0.00016519441519854912, 0.9994842367206865, 0.9991133349206105, 0.9993733742949661, 0.9902086644244855, 0.0003361303061823699, 0.13162210230136098, 0.00046732214701897457, 0.0004908975567325328]
[0.99914487764918, 0.999305592382485, 0.998684450227886, 0.9992855935106106, 0.999669611169603, 0.00025788163965677607, 0.0003581524361169176, 0.0003133128525169975, 0.00936460162415306, 0.0003361303061823699, 0.00047425162151195835, 0.00023472966891313632, 0.0004908975567325328]

gen_Xbest[32]:
[0.00048473367876548213, 0.0003567503918127362, 0.0006722419131795824, 0.0003572032446947322, 0.00016519441519854912, 0.00025788163965677607, 0.0005285126432726244, 0.0003133128525169975, 0.0004267339513614671, 0.9993277393876353, 0.8679036460771271, 0.9992979481840679, 0.9990182048865348]
[0.0003703886720543905, 0.00033765722570243737, 0.0006433078589344305, 0.0003572032446947322, 0.00016519441519854912, 0.9994842367206865, 0.9991133349206105, 0.9993733742949661, 0.9902086644244855, 0.0003361303061823699, 0.13162210230136098, 0.00046732214701897457, 0.0004908975567325328]
[0.99914487764918, 0.999305592382485, 0.998684450227886, 0.9992855935106106, 0.999669611169603, 0.00025788163965677607, 0.0003581524361169176, 0.0003133128525169975, 0.00936460162415306, 0.0003361303061823699, 0.00047425162151195835, 0.00023472966891313632, 0.0004908975567325328]

gen_Xbest[33]:
[0.00048473367876548213, 0.0003567503918127362, 0.0006722419131795824, 0.0003572032446947322, 0.00016519441519854912, 0.00025788163965677607, 0.0005285126432726244, 0.0003133128525169975, 0.0004267339513614671, 0.9993277393876353, 0.8679036460771271, 0.9992979481840679, 0.9990182048865348]
[0.0003703886720543905, 0.00033765722570243737, 0.0006433078589344305, 0.0003572032446947322, 0.00016519441519854912, 0.9994842367206865, 0.9991133349206105, 0.9993733742949661, 0.9902086644244855, 0.0003361303061823699, 0.13162210230136098, 0.00046732214701897457, 0.0004908975567325328]
[0.99914487764918, 0.999305592382485, 0.998684450227886, 0.9992855935106106, 0.999669611169603, 0.00025788163965677607, 0.0003581524361169176, 0.0003133128525169975, 0.00936460162415306, 0.0003361303061823699, 0.00047425162151195835, 0.00023472966891313632, 0.0004908975567325328]

gen_Xbest[34]:
[0.00048473367876548213, 0.0003567503918127362, 0.0006722419131795824, 0.0003572032446947322, 0.00016519441519854912, 0.00025788163965677607, 0.0005285126432726244, 0.0003133128525169975, 0.0004267339513614671, 0.9993277393876353, 0.8679036460771271, 0.9992979481840679, 0.9990182048865348]
[0.0003703886720543905, 0.00033765722570243737, 0.0006433078589344305, 0.0003572032446947322, 0.00016519441519854912, 0.9994842367206865, 0.9991133349206105, 0.9993733742949661, 0.9902086644244855, 0.0003361303061823699, 0.13162210230136098, 0.00046732214701897457, 0.0004908975567325328]
[0.99914487764918, 0.999305592382485, 0.998684450227886, 0.9992855935106106, 0.999669611169603, 0.00025788163965677607, 0.0003581524361169176, 0.0003133128525169975, 0.00936460162415306, 0.0003361303061823699, 0.00047425162151195835, 0.00023472966891313632, 0.0004908975567325328]

gen_Xbest[35]:
[0.00048473367876548213, 0.0003567503918127362, 0.0006722419131795824, 0.0003572032446947322, 0.00016519441519854912, 0.00025788163965677607, 0.0005285126432726244, 0.0003133128525169975, 0.0004267339513614671, 0.9993277393876353, 0.8679036460771271, 0.9992979481840679, 0.9990182048865348]
[0.0003703886720543905, 0.00033765722570243737, 0.0006433078589344305, 0.0003572032446947322, 0.00016519441519854912, 0.9994842367206865, 0.9991133349206105, 0.9993733742949661, 0.9902086644244855, 0.0003361303061823699, 0.13162210230136098, 0.00046732214701897457, 0.0004908975567325328]
[0.99914487764918, 0.999305592382485, 0.998684450227886, 0.9992855935106106, 0.999669611169603, 0.00025788163965677607, 0.0003581524361169176, 0.0003133128525169975, 0.00936460162415306, 0.0003361303061823699, 0.00047425162151195835, 0.00023472966891313632, 0.0004908975567325328]

gen_Xbest[36]:
[0.00048473367876548213, 0.0003567503918127362, 0.0006722419131795824, 0.0003572032446947322, 0.00016519441519854912, 0.00025788163965677607, 0.0005285126432726244, 0.0003133128525169975, 0.0004267339513614671, 0.9993277393876353, 0.8679036460771271, 0.9992979481840679, 0.9990182048865348]
[0.0003703886720543905, 0.00033765722570243737, 0.0006433078589344305, 0.0003572032446947322, 0.00016519441519854912, 0.9994842367206865, 0.9991133349206105, 0.9993733742949661, 0.9902086644244855, 0.0003361303061823699, 0.13162210230136098, 0.00046732214701897457, 0.0004908975567325328]
[0.99914487764918, 0.999305592382485, 0.998684450227886, 0.9992855935106106, 0.999669611169603, 0.00025788163965677607, 0.0003581524361169176, 0.0003133128525169975, 0.00936460162415306, 0.0003361303061823699, 0.00047425162151195835, 0.00023472966891313632, 0.0004908975567325328]

gen_Xbest[37]:
[0.00048473367876548213, 0.0003567503918127362, 0.0006722419131795824, 0.0003572032446947322, 0.00016519441519854912, 0.00025788163965677607, 0.0005285126432726244, 0.0003133128525169975, 0.0004267339513614671, 0.9993277393876353, 0.8679036460771271, 0.9992979481840679, 0.9990182048865348]
[0.0003703886720543905, 0.00033765722570243737, 0.0006433078589344305, 0.0003572032446947322, 0.00016519441519854912, 0.9994842367206865, 0.9991133349206105, 0.9993733742949661, 0.9902086644244855, 0.0003361303061823699, 0.13162210230136098, 0.00046732214701897457, 0.0004908975567325328]
[0.99914487764918, 0.999305592382485, 0.998684450227886, 0.9992855935106106, 0.999669611169603, 0.00025788163965677607, 0.0003581524361169176, 0.0003133128525169975, 0.00936460162415306, 0.0003361303061823699, 0.00047425162151195835, 0.00023472966891313632, 0.0004908975567325328]

gen_Xbest[38]:
[0.00048473367876548213, 0.0003567503918127362, 0.0006722419131795824, 0.0003572032446947322, 0.00016519441519854912, 0.00025788163965677607, 0.0005285126432726244, 0.0003133128525169975, 0.0004267339513614671, 0.9993277393876353, 0.8679036460771271, 0.9992979481840679, 0.9990182048865348]
[0.0003703886720543905, 0.00033765722570243737, 0.0006433078589344305, 0.0003572032446947322, 0.00016519441519854912, 0.9994842367206865, 0.9991133349206105, 0.9993733742949661, 0.9902086644244855, 0.0003361303061823699, 0.13162210230136098, 0.00046732214701897457, 0.0004908975567325328]
[0.99914487764918, 0.999305592382485, 0.998684450227886, 0.9992855935106106, 0.999669611169603, 0.00025788163965677607, 0.0003581524361169176, 0.0003133128525169975, 0.00936460162415306, 0.0003361303061823699, 0.00047425162151195835, 0.00023472966891313632, 0.0004908975567325328]

gen_Xbest[39]:
[0.00048473367876548213, 0.0003567503918127362, 0.0006722419131795824, 0.0003572032446947322, 0.00016519441519854912, 0.00025788163965677607, 0.0005285126432726244, 0.0003133128525169975, 0.0004267339513614671, 0.9993277393876353, 0.8679036460771271, 0.9992979481840679, 0.9990182048865348]
[0.0003703886720543905, 0.00033765722570243737, 0.0006433078589344305, 0.0003572032446947322, 0.00016519441519854912, 0.9994842367206865, 0.9991133349206105, 0.9993733742949661, 0.9902086644244855, 0.0003361303061823699, 0.13162210230136098, 0.00046732214701897457, 0.0004908975567325328]
[0.99914487764918, 0.999305592382485, 0.998684450227886, 0.9992855935106106, 0.999669611169603, 0.00025788163965677607, 0.0003581524361169176, 0.0003133128525169975, 0.00936460162415306, 0.0003361303061823699, 0.00047425162151195835, 0.00023472966891313632, 0.0004908975567325328]

gen_Xbest[40]:
[0.00048473367876548213, 0.0003567503918127362, 0.0006722419131795824, 0.0003572032446947322, 0.00016519441519854912, 0.00025788163965677607, 0.0005285126432726244, 0.0003133128525169975, 0.0004267339513614671, 0.9993277393876353, 0.8679036460771271, 0.9992979481840679, 0.9990182048865348]
[0.0003703886720543905, 0.00033765722570243737, 0.0006433078589344305, 0.0003572032446947322, 0.00016519441519854912, 0.9994842367206865, 0.9991133349206105, 0.9993733742949661, 0.9902086644244855, 0.0003361303061823699, 0.13162210230136098, 0.00046732214701897457, 0.0004908975567325328]
[0.99914487764918, 0.999305592382485, 0.998684450227886, 0.9992855935106106, 0.999669611169603, 0.00025788163965677607, 0.0003581524361169176, 0.0003133128525169975, 0.00936460162415306, 0.0003361303061823699, 0.00047425162151195835, 0.00023472966891313632, 0.0004908975567325328]

gen_Xbest[41]:
[0.00048473367876548213, 0.0003567503918127362, 0.0006722419131795824, 0.0003572032446947322, 0.00016519441519854912, 0.00025788163965677607, 0.0005285126432726244, 0.0003133128525169975, 0.0004267339513614671, 0.9993277393876353, 0.8679036460771271, 0.9992979481840679, 0.9990182048865348]
[0.0003703886720543905, 0.00033765722570243737, 0.0006433078589344305, 0.0003572032446947322, 0.00016519441519854912, 0.9994842367206865, 0.9991133349206105, 0.9993733742949661, 0.9902086644244855, 0.0003361303061823699, 0.13162210230136098, 0.00046732214701897457, 0.0004908975567325328]
[0.99914487764918, 0.999305592382485, 0.998684450227886, 0.9992855935106106, 0.999669611169603, 0.00025788163965677607, 0.0003581524361169176, 0.0003133128525169975, 0.00936460162415306, 0.0003361303061823699, 0.00047425162151195835, 0.00023472966891313632, 0.0004908975567325328]

gen_Xbest[42]:
[0.00048473367876548213, 0.0003567503918127362, 0.0006722419131795824, 0.0003572032446947322, 0.00016519441519854912, 0.00025788163965677607, 0.0005285126432726244, 0.0003133128525169975, 0.0004267339513614671, 0.9993277393876353, 0.8679036460771271, 0.9992979481840679, 0.9990182048865348]
[0.0003703886720543905, 0.00033765722570243737, 0.0006433078589344305, 0.0003572032446947322, 0.00016519441519854912, 0.9994842367206865, 0.9991133349206105, 0.9993733742949661, 0.9902086644244855, 0.0003361303061823699, 0.13162210230136098, 0.00046732214701897457, 0.0004908975567325328]
[0.99914487764918, 0.999305592382485, 0.998684450227886, 0.9992855935106106, 0.999669611169603, 0.00025788163965677607, 0.0003581524361169176, 0.0003133128525169975, 0.00936460162415306, 0.0003361303061823699, 0.00047425162151195835, 0.00023472966891313632, 0.0004908975567325328]

gen_Xbest[43]:
[0.00048473367876548213, 0.0003567503918127362, 0.0006722419131795824, 0.0003572032446947322, 0.00016519441519854912, 0.00025788163965677607, 0.0005285126432726244, 0.0003133128525169975, 0.0004267339513614671, 0.9993277393876353, 0.8679036460771271, 0.9992979481840679, 0.9990182048865348]
[0.0003703886720543905, 0.00033765722570243737, 0.0006433078589344305, 0.0003572032446947322, 0.00016519441519854912, 0.9994842367206865, 0.9991133349206105, 0.9993733742949661, 0.9902086644244855, 0.0003361303061823699, 0.13162210230136098, 0.00046732214701897457, 0.0004908975567325328]
[0.99914487764918, 0.999305592382485, 0.998684450227886, 0.9992855935106106, 0.999669611169603, 0.00025788163965677607, 0.0003581524361169176, 0.0003133128525169975, 0.00936460162415306, 0.0003361303061823699, 0.00047425162151195835, 0.00023472966891313632, 0.0004908975567325328]

gen_Xbest[44]:
[0.00048473367876548213, 0.0003567503918127362, 0.0006722419131795824, 0.0003572032446947322, 0.00016519441519854912, 0.00025788163965677607, 0.0005285126432726244, 0.0003133128525169975, 0.0004267339513614671, 0.9993277393876353, 0.8679036460771271, 0.9992979481840679, 0.9990182048865348]
[0.0003703886720543905, 0.00033765722570243737, 0.0006433078589344305, 0.0003572032446947322, 0.00016519441519854912, 0.9994842367206865, 0.9991133349206105, 0.9993733742949661, 0.9902086644244855, 0.0003361303061823699, 0.13162210230136098, 0.00046732214701897457, 0.0004908975567325328]
[0.99914487764918, 0.999305592382485, 0.998684450227886, 0.9992855935106106, 0.999669611169603, 0.00025788163965677607, 0.0003581524361169176, 0.0003133128525169975, 0.00936460162415306, 0.0003361303061823699, 0.00047425162151195835, 0.00023472966891313632, 0.0004908975567325328]

gen_Xbest[45]:
[0.00048473367876548213, 0.0003567503918127362, 0.0006722419131795824, 0.0003572032446947322, 0.00016519441519854912, 0.00025788163965677607, 0.0005285126432726244, 0.0003133128525169975, 0.0004267339513614671, 0.9993277393876353, 0.8679036460771271, 0.9992979481840679, 0.9990182048865348]
[0.0003703886720543905, 0.00033765722570243737, 0.0006433078589344305, 0.0003572032446947322, 0.00016519441519854912, 0.9994842367206865, 0.9991133349206105, 0.9993733742949661, 0.9902086644244855, 0.0003361303061823699, 0.13162210230136098, 0.00046732214701897457, 0.0004908975567325328]
[0.99914487764918, 0.999305592382485, 0.998684450227886, 0.9992855935106106, 0.999669611169603, 0.00025788163965677607, 0.0003581524361169176, 0.0003133128525169975, 0.00936460162415306, 0.0003361303061823699, 0.00047425162151195835, 0.00023472966891313632, 0.0004908975567325328]

gen_Xbest[46]:
[0.00048473367876548213, 0.0003567503918127362, 0.0006722419131795824, 0.0003572032446947322, 0.00016519441519854912, 0.00025788163965677607, 0.0005285126432726244, 0.0003133128525169975, 0.0004267339513614671, 0.9993277393876353, 0.8679036460771271, 0.9992979481840679, 0.9990182048865348]
[0.0003703886720543905, 0.00033765722570243737, 0.0006433078589344305, 0.0003572032446947322, 0.00016519441519854912, 0.9994842367206865, 0.9991133349206105, 0.9993733742949661, 0.9902086644244855, 0.0003361303061823699, 0.13162210230136098, 0.00046732214701897457, 0.0004908975567325328]
[0.99914487764918, 0.999305592382485, 0.998684450227886, 0.9992855935106106, 0.999669611169603, 0.00025788163965677607, 0.0003581524361169176, 0.0003133128525169975, 0.00936460162415306, 0.0003361303061823699, 0.00047425162151195835, 0.00023472966891313632, 0.0004908975567325328]

gen_Xbest[47]:
[0.00048473367876548213, 0.0003567503918127362, 0.0006722419131795824, 0.0003572032446947322, 0.00016519441519854912, 0.00025788163965677607, 0.0005285126432726244, 0.0003133128525169975, 0.0004267339513614671, 0.9993277393876353, 0.8679036460771271, 0.9992979481840679, 0.9990182048865348]
[0.0003703886720543905, 0.00033765722570243737, 0.0006433078589344305, 0.0003572032446947322, 0.00016519441519854912, 0.9994842367206865, 0.9991133349206105, 0.9993733742949661, 0.9902086644244855, 0.0003361303061823699, 0.13162210230136098, 0.00046732214701897457, 0.0004908975567325328]
[0.99914487764918, 0.999305592382485, 0.998684450227886, 0.9992855935106106, 0.999669611169603, 0.00025788163965677607, 0.0003581524361169176, 0.0003133128525169975, 0.00936460162415306, 0.0003361303061823699, 0.00047425162151195835, 0.00023472966891313632, 0.0004908975567325328]

gen_Xbest[48]:
[0.00048473367876548213, 0.0003567503918127362, 0.0006722419131795824, 0.0003572032446947322, 0.00016519441519854912, 0.00025788163965677607, 0.0005285126432726244, 0.0003133128525169975, 0.0004267339513614671, 0.9993277393876353, 0.8679036460771271, 0.9992979481840679, 0.9990182048865348]
[0.0003703886720543905, 0.00033765722570243737, 0.0006433078589344305, 0.0003572032446947322, 0.00016519441519854912, 0.9994842367206865, 0.9991133349206105, 0.9993733742949661, 0.9902086644244855, 0.0003361303061823699, 0.13162210230136098, 0.00046732214701897457, 0.0004908975567325328]
[0.99914487764918, 0.999305592382485, 0.998684450227886, 0.9992855935106106, 0.999669611169603, 0.00025788163965677607, 0.0003581524361169176, 0.0003133128525169975, 0.00936460162415306, 0.0003361303061823699, 0.00047425162151195835, 0.00023472966891313632, 0.0004908975567325328]

gen_Xbest[49]:
[0.00048473367876548213, 0.0003567503918127362, 0.0006722419131795824, 0.0003572032446947322, 0.00016519441519854912, 0.00025788163965677607, 0.0005285126432726244, 0.0003133128525169975, 0.0004267339513614671, 0.9993277393876353, 0.8679036460771271, 0.9992979481840679, 0.9990182048865348]
[0.0003703886720543905, 0.00033765722570243737, 0.0006433078589344305, 0.0003572032446947322, 0.00016519441519854912, 0.9994842367206865, 0.9991133349206105, 0.9993733742949661, 0.9902086644244855, 0.0003361303061823699, 0.13162210230136098, 0.00046732214701897457, 0.0004908975567325328]
[0.99914487764918, 0.999305592382485, 0.998684450227886, 0.9992855935106106, 0.999669611169603, 0.00025788163965677607, 0.0003581524361169176, 0.0003133128525169975, 0.00936460162415306, 0.0003361303061823699, 0.00047425162151195835, 0.00023472966891313632, 0.0004908975567325328]

gen_Xbest[50]:
[0.00048473367876548213, 0.0003567503918127362, 0.0006722419131795824, 0.0003572032446947322, 0.00016519441519854912, 0.00025788163965677607, 0.0005285126432726244, 0.0003133128525169975, 0.0004267339513614671, 0.9993277393876353, 0.8679036460771271, 0.9992979481840679, 0.9990182048865348]
[0.0003703886720543905, 0.00033765722570243737, 0.0006433078589344305, 0.0003572032446947322, 0.00016519441519854912, 0.9994842367206865, 0.9991133349206105, 0.9993733742949661, 0.9902086644244855, 0.0003361303061823699, 0.13162210230136098, 0.00046732214701897457, 0.0004908975567325328]
[0.99914487764918, 0.999305592382485, 0.998684450227886, 0.9992855935106106, 0.999669611169603, 0.00025788163965677607, 0.0003581524361169176, 0.0003133128525169975, 0.00936460162415306, 0.0003361303061823699, 0.00047425162151195835, 0.00023472966891313632, 0.0004908975567325328]

gen_Xbest[51]:
[0.00048473367876548213, 0.0003567503918127362, 0.0006722419131795824, 0.0003572032446947322, 0.00016519441519854912, 0.00025788163965677607, 0.0005285126432726244, 0.0003133128525169975, 0.0004267339513614671, 0.9993277393876353, 0.8679036460771271, 0.9992979481840679, 0.9990182048865348]
[0.0003703886720543905, 0.00033765722570243737, 0.0006433078589344305, 0.0003572032446947322, 0.00016519441519854912, 0.9994842367206865, 0.9991133349206105, 0.9993733742949661, 0.9902086644244855, 0.0003361303061823699, 0.13162210230136098, 0.00046732214701897457, 0.0004908975567325328]
[0.99914487764918, 0.999305592382485, 0.998684450227886, 0.9992855935106106, 0.999669611169603, 0.00025788163965677607, 0.0003581524361169176, 0.0003133128525169975, 0.00936460162415306, 0.0003361303061823699, 0.00047425162151195835, 0.00023472966891313632, 0.0004908975567325328]

gen_Xbest[52]:
[0.00048473367876548213, 0.0003567503918127362, 0.0006722419131795824, 0.0003572032446947322, 0.00016519441519854912, 0.00025788163965677607, 0.0005285126432726244, 0.0003133128525169975, 0.0004267339513614671, 0.9993277393876353, 0.8679036460771271, 0.9992979481840679, 0.9990182048865348]
[0.0003703886720543905, 0.00033765722570243737, 0.0006433078589344305, 0.0003572032446947322, 0.00016519441519854912, 0.9994842367206865, 0.9991133349206105, 0.9993733742949661, 0.9902086644244855, 0.0003361303061823699, 0.13162210230136098, 0.00046732214701897457, 0.0004908975567325328]
[0.99914487764918, 0.999305592382485, 0.998684450227886, 0.9992855935106106, 0.999669611169603, 0.00025788163965677607, 0.0003581524361169176, 0.0003133128525169975, 0.00936460162415306, 0.0003361303061823699, 0.00047425162151195835, 0.00023472966891313632, 0.0004908975567325328]

gen_Xbest[53]:
[0.00048473367876548213, 0.0003567503918127362, 0.0006722419131795824, 0.0003572032446947322, 0.00016519441519854912, 0.00025788163965677607, 0.0005285126432726244, 0.0003133128525169975, 0.0004267339513614671, 0.9993277393876353, 0.8679036460771271, 0.9992979481840679, 0.9990182048865348]
[0.0003703886720543905, 0.00033765722570243737, 0.0006433078589344305, 0.0003572032446947322, 0.00016519441519854912, 0.9994842367206865, 0.9991133349206105, 0.9993733742949661, 0.9902086644244855, 0.0003361303061823699, 0.13162210230136098, 0.00046732214701897457, 0.0004908975567325328]
[0.99914487764918, 0.999305592382485, 0.998684450227886, 0.9992855935106106, 0.999669611169603, 0.00025788163965677607, 0.0003581524361169176, 0.0003133128525169975, 0.00936460162415306, 0.0003361303061823699, 0.00047425162151195835, 0.00023472966891313632, 0.0004908975567325328]

gen_Xbest[54]:
[0.00048473367876548213, 0.0003567503918127362, 0.0006722419131795824, 0.0003572032446947322, 0.00016519441519854912, 0.00025788163965677607, 0.0005285126432726244, 0.0003133128525169975, 0.0004267339513614671, 0.9993277393876353, 0.8679036460771271, 0.9992979481840679, 0.9990182048865348]
[0.0003703886720543905, 0.00033765722570243737, 0.0006433078589344305, 0.0003572032446947322, 0.00016519441519854912, 0.9994842367206865, 0.9991133349206105, 0.9993733742949661, 0.9902086644244855, 0.0003361303061823699, 0.13162210230136098, 0.00046732214701897457, 0.0004908975567325328]
[0.99914487764918, 0.999305592382485, 0.998684450227886, 0.9992855935106106, 0.999669611169603, 0.00025788163965677607, 0.0003581524361169176, 0.0003133128525169975, 0.00936460162415306, 0.0003361303061823699, 0.00047425162151195835, 0.00023472966891313632, 0.0004908975567325328]

gen_Xbest[55]:
[0.00048473367876548213, 0.0003567503918127362, 0.0006722419131795824, 0.0003572032446947322, 0.00016519441519854912, 0.00025788163965677607, 0.0005285126432726244, 0.0003133128525169975, 0.0004267339513614671, 0.9993277393876353, 0.8679036460771271, 0.9992979481840679, 0.9990182048865348]
[0.0003703886720543905, 0.00033765722570243737, 0.0006433078589344305, 0.0003572032446947322, 0.00016519441519854912, 0.9994842367206865, 0.9991133349206105, 0.9993733742949661, 0.9902086644244855, 0.0003361303061823699, 0.13162210230136098, 0.00046732214701897457, 0.0004908975567325328]
[0.99914487764918, 0.999305592382485, 0.998684450227886, 0.9992855935106106, 0.999669611169603, 0.00025788163965677607, 0.0003581524361169176, 0.0003133128525169975, 0.00936460162415306, 0.0003361303061823699, 0.00047425162151195835, 0.00023472966891313632, 0.0004908975567325328]

gen_Xbest[56]:
[0.00048473367876548213, 0.0003567503918127362, 0.0006722419131795824, 0.0003572032446947322, 0.00016519441519854912, 0.00025788163965677607, 0.0005285126432726244, 0.0003133128525169975, 0.0004267339513614671, 0.9993277393876353, 0.8679036460771271, 0.9992979481840679, 0.9990182048865348]
[0.0003703886720543905, 0.00033765722570243737, 0.0006433078589344305, 0.0003572032446947322, 0.00016519441519854912, 0.9994842367206865, 0.9991133349206105, 0.9993733742949661, 0.9902086644244855, 0.0003361303061823699, 0.13162210230136098, 0.00046732214701897457, 0.0004908975567325328]
[0.99914487764918, 0.999305592382485, 0.998684450227886, 0.9992855935106106, 0.999669611169603, 0.00025788163965677607, 0.0003581524361169176, 0.0003133128525169975, 0.00936460162415306, 0.0003361303061823699, 0.00047425162151195835, 0.00023472966891313632, 0.0004908975567325328]

gen_Xbest[57]:
[0.00048473367876548213, 0.0003567503918127362, 0.0006722419131795824, 0.0003572032446947322, 0.00016519441519854912, 0.00025788163965677607, 0.0005285126432726244, 0.0003133128525169975, 0.0004267339513614671, 0.9993277393876353, 0.8679036460771271, 0.9992979481840679, 0.9990182048865348]
[0.0003703886720543905, 0.00033765722570243737, 0.0006433078589344305, 0.0003572032446947322, 0.00016519441519854912, 0.9994842367206865, 0.9991133349206105, 0.9993733742949661, 0.9902086644244855, 0.0003361303061823699, 0.13162210230136098, 0.00046732214701897457, 0.0004908975567325328]
[0.99914487764918, 0.999305592382485, 0.998684450227886, 0.9992855935106106, 0.999669611169603, 0.00025788163965677607, 0.0003581524361169176, 0.0003133128525169975, 0.00936460162415306, 0.0003361303061823699, 0.00047425162151195835, 0.00023472966891313632, 0.0004908975567325328]

gen_Xbest[58]:
[0.00048473367876548213, 0.0003567503918127362, 0.0006722419131795824, 0.0003572032446947322, 0.00016519441519854912, 0.00025788163965677607, 0.0005285126432726244, 0.0003133128525169975, 0.0004267339513614671, 0.9993277393876353, 0.8679036460771271, 0.9992979481840679, 0.9990182048865348]
[0.0003703886720543905, 0.00033765722570243737, 0.0006433078589344305, 0.0003572032446947322, 0.00016519441519854912, 0.9994842367206865, 0.9991133349206105, 0.9993733742949661, 0.9902086644244855, 0.0003361303061823699, 0.13162210230136098, 0.00046732214701897457, 0.0004908975567325328]
[0.99914487764918, 0.999305592382485, 0.998684450227886, 0.9992855935106106, 0.999669611169603, 0.00025788163965677607, 0.0003581524361169176, 0.0003133128525169975, 0.00936460162415306, 0.0003361303061823699, 0.00047425162151195835, 0.00023472966891313632, 0.0004908975567325328]

gen_Xbest[59]:
[0.00048473367876548213, 0.0003567503918127362, 0.0006722419131795824, 0.0003572032446947322, 0.00016519441519854912, 0.00025788163965677607, 0.0005285126432726244, 0.0003133128525169975, 0.0004267339513614671, 0.9993277393876353, 0.8679036460771271, 0.9992979481840679, 0.9990182048865348]
[0.0003703886720543905, 0.00033765722570243737, 0.0006433078589344305, 0.0003572032446947322, 0.00016519441519854912, 0.9994842367206865, 0.9991133349206105, 0.9993733742949661, 0.9902086644244855, 0.0003361303061823699, 0.13162210230136098, 0.00046732214701897457, 0.0004908975567325328]
[0.99914487764918, 0.999305592382485, 0.998684450227886, 0.9992855935106106, 0.999669611169603, 0.00025788163965677607, 0.0003581524361169176, 0.0003133128525169975, 0.00936460162415306, 0.0003361303061823699, 0.00047425162151195835, 0.00023472966891313632, 0.0004908975567325328]

