gen_Xbest[0]:
[0.10729535386766033, 0.10729268064100342, 0.10729538074221057, 0.08810464889483256, 0.12066237173211908, 0.7837110300641839, 0.9103488284541994, 0.804813102564922, 0.6660345056649261, 0.1320978634649377, 0.11715056117978406, 0.2203278151908387, 0.4223845141512112]
[0.8926149423842551, 0.8926176158274743, 0.8926149155075277, 0.9118010338247566, 0.6806801120598802, 0.006476624675123943, 0.06076050794363183, 0.11590748349095477, 0.24739913620561904, 9.40705840705383e-05, 0.2990630203941139, 9.796522785293213e-05, 9.774810574437784e-05]
[8.970374808460235e-05, 8.970353152228249e-05, 8.970375026175217e-05, 9.431728041068512e-05, 0.1986575162080007, 0.2098123452606922, 0.028890663602168694, 0.07927941394412327, 0.08656635812945486, 0.8678080659509918, 0.583786418426102, 0.7795742195813083, 0.5775177377430445]

gen_Xbest[1]:
[0.10729535386766033, 0.10729268064100342, 0.10729538074221057, 0.08810464889483256, 0.12066237173211908, 0.7837110300641839, 0.9103488284541994, 0.804813102564922, 0.6660345056649261, 0.1320978634649377, 0.11715056117978406, 0.2203278151908387, 0.4223845141512112]
[0.8926149423842551, 0.8926176158274743, 0.8926149155075277, 0.9118010338247566, 0.6806801120598802, 0.006476624675123943, 0.06076050794363183, 0.11590748349095477, 0.24739913620561904, 9.40705840705383e-05, 0.2990630203941139, 9.796522785293213e-05, 9.774810574437784e-05]
[8.970374808460235e-05, 8.970353152228249e-05, 8.970375026175217e-05, 9.431728041068512e-05, 0.1986575162080007, 0.2098123452606922, 0.028890663602168694, 0.07927941394412327, 0.08656635812945486, 0.8678080659509918, 0.583786418426102, 0.7795742195813083, 0.5775177377430445]

gen_Xbest[2]:
[0.10729535386766033, 0.10729268064100342, 0.10729538074221057, 0.08810464889483256, 0.12066237173211908, 0.7837110300641839, 0.9103488284541994, 0.804813102564922, 0.6660345056649261, 0.1320978634649377, 0.11715056117978406, 0.2203278151908387, 0.4223845141512112]
[0.8926149423842551, 0.8926176158274743, 0.8926149155075277, 0.9118010338247566, 0.6806801120598802, 0.006476624675123943, 0.06076050794363183, 0.11590748349095477, 0.24739913620561904, 9.40705840705383e-05, 0.2990630203941139, 9.796522785293213e-05, 9.774810574437784e-05]
[8.970374808460235e-05, 8.970353152228249e-05, 8.970375026175217e-05, 9.431728041068512e-05, 0.1986575162080007, 0.2098123452606922, 0.028890663602168694, 0.07927941394412327, 0.08656635812945486, 0.8678080659509918, 0.583786418426102, 0.7795742195813083, 0.5775177377430445]

gen_Xbest[3]:
[0.10985728878605827, 0.03436491700512577, 0.12225793916551003, 0.1983505110205259, 0.2664405231398057, 0.7391614594981218, 0.8958136852002112, 0.8289910422196247, 0.5209255709435663, 0.061210976842366385, 0.20414652829004404, 0.2630447287405631, 0.34991014353483524]
[0.8900560044028066, 0.9655453907458912, 0.8776558276749268, 0.8015592884146067, 0.5449775360152571, 0.14387489738820616, 0.10409546286476479, 0.17090948293006553, 0.29878514756499386, 9.202985328681173e-05, 0.3324795753032915, 9.815711671263331e-05, 9.701295841140502e-05]
[8.670681113521927e-05, 8.969224898305993e-05, 8.623315956317687e-05, 9.020056486748574e-05, 0.18858194084493718, 0.11696364311367208, 9.085193502406322e-05, 9.947485030963507e-05, 0.18028928149143986, 0.9386969933043469, 0.4633738964066645, 0.7368571141427241, 0.6499928435067535]

gen_Xbest[4]:
[0.10985728878605827, 0.03436491700512577, 0.12225793916551003, 0.1983505110205259, 0.2664405231398057, 0.7391614594981218, 0.8958136852002112, 0.8289910422196247, 0.5209255709435663, 0.061210976842366385, 0.20414652829004404, 0.2630447287405631, 0.34991014353483524]
[0.8900560044028066, 0.9655453907458912, 0.8776558276749268, 0.8015592884146067, 0.5449775360152571, 0.14387489738820616, 0.10409546286476479, 0.17090948293006553, 0.29878514756499386, 9.202985328681173e-05, 0.3324795753032915, 9.815711671263331e-05, 9.701295841140502e-05]
[8.670681113521927e-05, 8.969224898305993e-05, 8.623315956317687e-05, 9.020056486748574e-05, 0.18858194084493718, 0.11696364311367208, 9.085193502406322e-05, 9.947485030963507e-05, 0.18028928149143986, 0.9386969933043469, 0.4633738964066645, 0.7368571141427241, 0.6499928435067535]

gen_Xbest[5]:
[0.10985728878605827, 0.03436491700512577, 0.12225793916551003, 0.1983505110205259, 0.2664405231398057, 0.7391614594981218, 0.8958136852002112, 0.8289910422196247, 0.5209255709435663, 0.061210976842366385, 0.20414652829004404, 0.2630447287405631, 0.34991014353483524]
[0.8900560044028066, 0.9655453907458912, 0.8776558276749268, 0.8015592884146067, 0.5449775360152571, 0.14387489738820616, 0.10409546286476479, 0.17090948293006553, 0.29878514756499386, 9.202985328681173e-05, 0.3324795753032915, 9.815711671263331e-05, 9.701295841140502e-05]
[8.670681113521927e-05, 8.969224898305993e-05, 8.623315956317687e-05, 9.020056486748574e-05, 0.18858194084493718, 0.11696364311367208, 9.085193502406322e-05, 9.947485030963507e-05, 0.18028928149143986, 0.9386969933043469, 0.4633738964066645, 0.7368571141427241, 0.6499928435067535]

gen_Xbest[6]:
[0.10985728878605827, 0.03436491700512577, 0.12225793916551003, 0.1983505110205259, 0.2664405231398057, 0.7391614594981218, 0.8958136852002112, 0.8289910422196247, 0.5209255709435663, 0.061210976842366385, 0.20414652829004404, 0.2630447287405631, 0.34991014353483524]
[0.8900560044028066, 0.9655453907458912, 0.8776558276749268, 0.8015592884146067, 0.5449775360152571, 0.14387489738820616, 0.10409546286476479, 0.17090948293006553, 0.29878514756499386, 9.202985328681173e-05, 0.3324795753032915, 9.815711671263331e-05, 9.701295841140502e-05]
[8.670681113521927e-05, 8.969224898305993e-05, 8.623315956317687e-05, 9.020056486748574e-05, 0.18858194084493718, 0.11696364311367208, 9.085193502406322e-05, 9.947485030963507e-05, 0.18028928149143986, 0.9386969933043469, 0.4633738964066645, 0.7368571141427241, 0.6499928435067535]

gen_Xbest[7]:
[0.10985728878605827, 0.03436491700512577, 0.12225793916551003, 0.1983505110205259, 0.2664405231398057, 0.7391614594981218, 0.8958136852002112, 0.8289910422196247, 0.5209255709435663, 0.061210976842366385, 0.20414652829004404, 0.2630447287405631, 0.34991014353483524]
[0.8900560044028066, 0.9655453907458912, 0.8776558276749268, 0.8015592884146067, 0.5449775360152571, 0.14387489738820616, 0.10409546286476479, 0.17090948293006553, 0.29878514756499386, 9.202985328681173e-05, 0.3324795753032915, 9.815711671263331e-05, 9.701295841140502e-05]
[8.670681113521927e-05, 8.969224898305993e-05, 8.623315956317687e-05, 9.020056486748574e-05, 0.18858194084493718, 0.11696364311367208, 9.085193502406322e-05, 9.947485030963507e-05, 0.18028928149143986, 0.9386969933043469, 0.4633738964066645, 0.7368571141427241, 0.6499928435067535]

gen_Xbest[8]:
[0.10985728878605827, 0.03436491700512577, 0.12225793916551003, 0.1983505110205259, 0.2664405231398057, 0.7391614594981218, 0.8958136852002112, 0.8289910422196247, 0.5209255709435663, 0.061210976842366385, 0.20414652829004404, 0.2630447287405631, 0.34991014353483524]
[0.8900560044028066, 0.9655453907458912, 0.8776558276749268, 0.8015592884146067, 0.5449775360152571, 0.14387489738820616, 0.10409546286476479, 0.17090948293006553, 0.29878514756499386, 9.202985328681173e-05, 0.3324795753032915, 9.815711671263331e-05, 9.701295841140502e-05]
[8.670681113521927e-05, 8.969224898305993e-05, 8.623315956317687e-05, 9.020056486748574e-05, 0.18858194084493718, 0.11696364311367208, 9.085193502406322e-05, 9.947485030963507e-05, 0.18028928149143986, 0.9386969933043469, 0.4633738964066645, 0.7368571141427241, 0.6499928435067535]

gen_Xbest[9]:
[0.10985728878605827, 0.03436491700512577, 0.12225793916551003, 0.1983505110205259, 0.2664405231398057, 0.7391614594981218, 0.8958136852002112, 0.8289910422196247, 0.5209255709435663, 0.061210976842366385, 0.20414652829004404, 0.2630447287405631, 0.34991014353483524]
[0.8900560044028066, 0.9655453907458912, 0.8776558276749268, 0.8015592884146067, 0.5449775360152571, 0.14387489738820616, 0.10409546286476479, 0.17090948293006553, 0.29878514756499386, 9.202985328681173e-05, 0.3324795753032915, 9.815711671263331e-05, 9.701295841140502e-05]
[8.670681113521927e-05, 8.969224898305993e-05, 8.623315956317687e-05, 9.020056486748574e-05, 0.18858194084493718, 0.11696364311367208, 9.085193502406322e-05, 9.947485030963507e-05, 0.18028928149143986, 0.9386969933043469, 0.4633738964066645, 0.7368571141427241, 0.6499928435067535]

gen_Xbest[10]:
[0.10985728878605827, 0.03436491700512577, 0.12225793916551003, 0.1983505110205259, 0.2664405231398057, 0.7391614594981218, 0.8958136852002112, 0.8289910422196247, 0.5209255709435663, 0.061210976842366385, 0.20414652829004404, 0.2630447287405631, 0.34991014353483524]
[0.8900560044028066, 0.9655453907458912, 0.8776558276749268, 0.8015592884146067, 0.5449775360152571, 0.14387489738820616, 0.10409546286476479, 0.17090948293006553, 0.29878514756499386, 9.202985328681173e-05, 0.3324795753032915, 9.815711671263331e-05, 9.701295841140502e-05]
[8.670681113521927e-05, 8.969224898305993e-05, 8.623315956317687e-05, 9.020056486748574e-05, 0.18858194084493718, 0.11696364311367208, 9.085193502406322e-05, 9.947485030963507e-05, 0.18028928149143986, 0.9386969933043469, 0.4633738964066645, 0.7368571141427241, 0.6499928435067535]

gen_Xbest[11]:
[0.10985728878605827, 0.03436491700512577, 0.12225793916551003, 0.1983505110205259, 0.2664405231398057, 0.7391614594981218, 0.8958136852002112, 0.8289910422196247, 0.5209255709435663, 0.061210976842366385, 0.20414652829004404, 0.2630447287405631, 0.34991014353483524]
[0.8900560044028066, 0.9655453907458912, 0.8776558276749268, 0.8015592884146067, 0.5449775360152571, 0.14387489738820616, 0.10409546286476479, 0.17090948293006553, 0.29878514756499386, 9.202985328681173e-05, 0.3324795753032915, 9.815711671263331e-05, 9.701295841140502e-05]
[8.670681113521927e-05, 8.969224898305993e-05, 8.623315956317687e-05, 9.020056486748574e-05, 0.18858194084493718, 0.11696364311367208, 9.085193502406322e-05, 9.947485030963507e-05, 0.18028928149143986, 0.9386969933043469, 0.4633738964066645, 0.7368571141427241, 0.6499928435067535]

gen_Xbest[12]:
[0.10985728878605827, 0.03436491700512577, 0.12225793916551003, 0.1983505110205259, 0.2664405231398057, 0.7391614594981218, 0.8958136852002112, 0.8289910422196247, 0.5209255709435663, 0.061210976842366385, 0.20414652829004404, 0.2630447287405631, 0.34991014353483524]
[0.8900560044028066, 0.9655453907458912, 0.8776558276749268, 0.8015592884146067, 0.5449775360152571, 0.14387489738820616, 0.10409546286476479, 0.17090948293006553, 0.29878514756499386, 9.202985328681173e-05, 0.3324795753032915, 9.815711671263331e-05, 9.701295841140502e-05]
[8.670681113521927e-05, 8.969224898305993e-05, 8.623315956317687e-05, 9.020056486748574e-05, 0.18858194084493718, 0.11696364311367208, 9.085193502406322e-05, 9.947485030963507e-05, 0.18028928149143986, 0.9386969933043469, 0.4633738964066645, 0.7368571141427241, 0.6499928435067535]

gen_Xbest[13]:
[0.10985728878605827, 0.03436491700512577, 0.12225793916551003, 0.1983505110205259, 0.2664405231398057, 0.7391614594981218, 0.8958136852002112, 0.8289910422196247, 0.5209255709435663, 0.061210976842366385, 0.20414652829004404, 0.2630447287405631, 0.34991014353483524]
[0.8900560044028066, 0.9655453907458912, 0.8776558276749268, 0.8015592884146067, 0.5449775360152571, 0.14387489738820616, 0.10409546286476479, 0.17090948293006553, 0.29878514756499386, 9.202985328681173e-05, 0.3324795753032915, 9.815711671263331e-05, 9.701295841140502e-05]
[8.670681113521927e-05, 8.969224898305993e-05, 8.623315956317687e-05, 9.020056486748574e-05, 0.18858194084493718, 0.11696364311367208, 9.085193502406322e-05, 9.947485030963507e-05, 0.18028928149143986, 0.9386969933043469, 0.4633738964066645, 0.7368571141427241, 0.6499928435067535]

gen_Xbest[14]:
[0.10985728878605827, 0.03436491700512577, 0.12225793916551003, 0.1983505110205259, 0.2664405231398057, 0.7391614594981218, 0.8958136852002112, 0.8289910422196247, 0.5209255709435663, 0.061210976842366385, 0.20414652829004404, 0.2630447287405631, 0.34991014353483524]
[0.8900560044028066, 0.9655453907458912, 0.8776558276749268, 0.8015592884146067, 0.5449775360152571, 0.14387489738820616, 0.10409546286476479, 0.17090948293006553, 0.29878514756499386, 9.202985328681173e-05, 0.3324795753032915, 9.815711671263331e-05, 9.701295841140502e-05]
[8.670681113521927e-05, 8.969224898305993e-05, 8.623315956317687e-05, 9.020056486748574e-05, 0.18858194084493718, 0.11696364311367208, 9.085193502406322e-05, 9.947485030963507e-05, 0.18028928149143986, 0.9386969933043469, 0.4633738964066645, 0.7368571141427241, 0.6499928435067535]

gen_Xbest[15]:
[0.10985728878605827, 0.03436491700512577, 0.12225793916551003, 0.1983505110205259, 0.2664405231398057, 0.7391614594981218, 0.8958136852002112, 0.8289910422196247, 0.5209255709435663, 0.061210976842366385, 0.20414652829004404, 0.2630447287405631, 0.34991014353483524]
[0.8900560044028066, 0.9655453907458912, 0.8776558276749268, 0.8015592884146067, 0.5449775360152571, 0.14387489738820616, 0.10409546286476479, 0.17090948293006553, 0.29878514756499386, 9.202985328681173e-05, 0.3324795753032915, 9.815711671263331e-05, 9.701295841140502e-05]
[8.670681113521927e-05, 8.969224898305993e-05, 8.623315956317687e-05, 9.020056486748574e-05, 0.18858194084493718, 0.11696364311367208, 9.085193502406322e-05, 9.947485030963507e-05, 0.18028928149143986, 0.9386969933043469, 0.4633738964066645, 0.7368571141427241, 0.6499928435067535]

gen_Xbest[16]:
[0.10985728878605827, 0.03436491700512577, 0.12225793916551003, 0.1983505110205259, 0.2664405231398057, 0.7391614594981218, 0.8958136852002112, 0.8289910422196247, 0.5209255709435663, 0.061210976842366385, 0.20414652829004404, 0.2630447287405631, 0.34991014353483524]
[0.8900560044028066, 0.9655453907458912, 0.8776558276749268, 0.8015592884146067, 0.5449775360152571, 0.14387489738820616, 0.10409546286476479, 0.17090948293006553, 0.29878514756499386, 9.202985328681173e-05, 0.3324795753032915, 9.815711671263331e-05, 9.701295841140502e-05]
[8.670681113521927e-05, 8.969224898305993e-05, 8.623315956317687e-05, 9.020056486748574e-05, 0.18858194084493718, 0.11696364311367208, 9.085193502406322e-05, 9.947485030963507e-05, 0.18028928149143986, 0.9386969933043469, 0.4633738964066645, 0.7368571141427241, 0.6499928435067535]

gen_Xbest[17]:
[0.10985728878605827, 0.03436491700512577, 0.12225793916551003, 0.1983505110205259, 0.2664405231398057, 0.7391614594981218, 0.8958136852002112, 0.8289910422196247, 0.5209255709435663, 0.061210976842366385, 0.20414652829004404, 0.2630447287405631, 0.34991014353483524]
[0.8900560044028066, 0.9655453907458912, 0.8776558276749268, 0.8015592884146067, 0.5449775360152571, 0.14387489738820616, 0.10409546286476479, 0.17090948293006553, 0.29878514756499386, 9.202985328681173e-05, 0.3324795753032915, 9.815711671263331e-05, 9.701295841140502e-05]
[8.670681113521927e-05, 8.969224898305993e-05, 8.623315956317687e-05, 9.020056486748574e-05, 0.18858194084493718, 0.11696364311367208, 9.085193502406322e-05, 9.947485030963507e-05, 0.18028928149143986, 0.9386969933043469, 0.4633738964066645, 0.7368571141427241, 0.6499928435067535]

gen_Xbest[18]:
[0.10985728878605827, 0.03436491700512577, 0.12225793916551003, 0.1983505110205259, 0.2664405231398057, 0.7391614594981218, 0.8958136852002112, 0.8289910422196247, 0.5209255709435663, 0.061210976842366385, 0.20414652829004404, 0.2630447287405631, 0.34991014353483524]
[0.8900560044028066, 0.9655453907458912, 0.8776558276749268, 0.8015592884146067, 0.5449775360152571, 0.14387489738820616, 0.10409546286476479, 0.17090948293006553, 0.29878514756499386, 9.202985328681173e-05, 0.3324795753032915, 9.815711671263331e-05, 9.701295841140502e-05]
[8.670681113521927e-05, 8.969224898305993e-05, 8.623315956317687e-05, 9.020056486748574e-05, 0.18858194084493718, 0.11696364311367208, 9.085193502406322e-05, 9.947485030963507e-05, 0.18028928149143986, 0.9386969933043469, 0.4633738964066645, 0.7368571141427241, 0.6499928435067535]

gen_Xbest[19]:
[0.10985728878605827, 0.03436491700512577, 0.12225793916551003, 0.1983505110205259, 0.2664405231398057, 0.7391614594981218, 0.8958136852002112, 0.8289910422196247, 0.5209255709435663, 0.061210976842366385, 0.20414652829004404, 0.2630447287405631, 0.34991014353483524]
[0.8900560044028066, 0.9655453907458912, 0.8776558276749268, 0.8015592884146067, 0.5449775360152571, 0.14387489738820616, 0.10409546286476479, 0.17090948293006553, 0.29878514756499386, 9.202985328681173e-05, 0.3324795753032915, 9.815711671263331e-05, 9.701295841140502e-05]
[8.670681113521927e-05, 8.969224898305993e-05, 8.623315956317687e-05, 9.020056486748574e-05, 0.18858194084493718, 0.11696364311367208, 9.085193502406322e-05, 9.947485030963507e-05, 0.18028928149143986, 0.9386969933043469, 0.4633738964066645, 0.7368571141427241, 0.6499928435067535]

gen_Xbest[20]:
[0.10985728878605827, 0.03436491700512577, 0.12225793916551003, 0.1983505110205259, 0.2664405231398057, 0.7391614594981218, 0.8958136852002112, 0.8289910422196247, 0.5209255709435663, 0.061210976842366385, 0.20414652829004404, 0.2630447287405631, 0.34991014353483524]
[0.8900560044028066, 0.9655453907458912, 0.8776558276749268, 0.8015592884146067, 0.5449775360152571, 0.14387489738820616, 0.10409546286476479, 0.17090948293006553, 0.29878514756499386, 9.202985328681173e-05, 0.3324795753032915, 9.815711671263331e-05, 9.701295841140502e-05]
[8.670681113521927e-05, 8.969224898305993e-05, 8.623315956317687e-05, 9.020056486748574e-05, 0.18858194084493718, 0.11696364311367208, 9.085193502406322e-05, 9.947485030963507e-05, 0.18028928149143986, 0.9386969933043469, 0.4633738964066645, 0.7368571141427241, 0.6499928435067535]

gen_Xbest[21]:
[0.10985728878605827, 0.03436491700512577, 0.12225793916551003, 0.1983505110205259, 0.2664405231398057, 0.7391614594981218, 0.8958136852002112, 0.8289910422196247, 0.5209255709435663, 0.061210976842366385, 0.20414652829004404, 0.2630447287405631, 0.34991014353483524]
[0.8900560044028066, 0.9655453907458912, 0.8776558276749268, 0.8015592884146067, 0.5449775360152571, 0.14387489738820616, 0.10409546286476479, 0.17090948293006553, 0.29878514756499386, 9.202985328681173e-05, 0.3324795753032915, 9.815711671263331e-05, 9.701295841140502e-05]
[8.670681113521927e-05, 8.969224898305993e-05, 8.623315956317687e-05, 9.020056486748574e-05, 0.18858194084493718, 0.11696364311367208, 9.085193502406322e-05, 9.947485030963507e-05, 0.18028928149143986, 0.9386969933043469, 0.4633738964066645, 0.7368571141427241, 0.6499928435067535]

gen_Xbest[22]:
[0.10985728878605827, 0.03436491700512577, 0.12225793916551003, 0.1983505110205259, 0.2664405231398057, 0.7391614594981218, 0.8958136852002112, 0.8289910422196247, 0.5209255709435663, 0.061210976842366385, 0.20414652829004404, 0.2630447287405631, 0.34991014353483524]
[0.8900560044028066, 0.9655453907458912, 0.8776558276749268, 0.8015592884146067, 0.5449775360152571, 0.14387489738820616, 0.10409546286476479, 0.17090948293006553, 0.29878514756499386, 9.202985328681173e-05, 0.3324795753032915, 9.815711671263331e-05, 9.701295841140502e-05]
[8.670681113521927e-05, 8.969224898305993e-05, 8.623315956317687e-05, 9.020056486748574e-05, 0.18858194084493718, 0.11696364311367208, 9.085193502406322e-05, 9.947485030963507e-05, 0.18028928149143986, 0.9386969933043469, 0.4633738964066645, 0.7368571141427241, 0.6499928435067535]

gen_Xbest[23]:
[0.10985728878605827, 0.03436491700512577, 0.12225793916551003, 0.1983505110205259, 0.2664405231398057, 0.7391614594981218, 0.8958136852002112, 0.8289910422196247, 0.5209255709435663, 0.061210976842366385, 0.20414652829004404, 0.2630447287405631, 0.34991014353483524]
[0.8900560044028066, 0.9655453907458912, 0.8776558276749268, 0.8015592884146067, 0.5449775360152571, 0.14387489738820616, 0.10409546286476479, 0.17090948293006553, 0.29878514756499386, 9.202985328681173e-05, 0.3324795753032915, 9.815711671263331e-05, 9.701295841140502e-05]
[8.670681113521927e-05, 8.969224898305993e-05, 8.623315956317687e-05, 9.020056486748574e-05, 0.18858194084493718, 0.11696364311367208, 9.085193502406322e-05, 9.947485030963507e-05, 0.18028928149143986, 0.9386969933043469, 0.4633738964066645, 0.7368571141427241, 0.6499928435067535]

gen_Xbest[24]:
[0.10985728878605827, 0.03436491700512577, 0.12225793916551003, 0.1983505110205259, 0.2664405231398057, 0.7391614594981218, 0.8958136852002112, 0.8289910422196247, 0.5209255709435663, 0.061210976842366385, 0.20414652829004404, 0.2630447287405631, 0.34991014353483524]
[0.8900560044028066, 0.9655453907458912, 0.8776558276749268, 0.8015592884146067, 0.5449775360152571, 0.14387489738820616, 0.10409546286476479, 0.17090948293006553, 0.29878514756499386, 9.202985328681173e-05, 0.3324795753032915, 9.815711671263331e-05, 9.701295841140502e-05]
[8.670681113521927e-05, 8.969224898305993e-05, 8.623315956317687e-05, 9.020056486748574e-05, 0.18858194084493718, 0.11696364311367208, 9.085193502406322e-05, 9.947485030963507e-05, 0.18028928149143986, 0.9386969933043469, 0.4633738964066645, 0.7368571141427241, 0.6499928435067535]

gen_Xbest[25]:
[0.10985728878605827, 0.03436491700512577, 0.12225793916551003, 0.1983505110205259, 0.2664405231398057, 0.7391614594981218, 0.8958136852002112, 0.8289910422196247, 0.5209255709435663, 0.061210976842366385, 0.20414652829004404, 0.2630447287405631, 0.34991014353483524]
[0.8900560044028066, 0.9655453907458912, 0.8776558276749268, 0.8015592884146067, 0.5449775360152571, 0.14387489738820616, 0.10409546286476479, 0.17090948293006553, 0.29878514756499386, 9.202985328681173e-05, 0.3324795753032915, 9.815711671263331e-05, 9.701295841140502e-05]
[8.670681113521927e-05, 8.969224898305993e-05, 8.623315956317687e-05, 9.020056486748574e-05, 0.18858194084493718, 0.11696364311367208, 9.085193502406322e-05, 9.947485030963507e-05, 0.18028928149143986, 0.9386969933043469, 0.4633738964066645, 0.7368571141427241, 0.6499928435067535]

gen_Xbest[26]:
[0.10985728878605827, 0.03436491700512577, 0.12225793916551003, 0.1983505110205259, 0.2664405231398057, 0.7391614594981218, 0.8958136852002112, 0.8289910422196247, 0.5209255709435663, 0.061210976842366385, 0.20414652829004404, 0.2630447287405631, 0.34991014353483524]
[0.8900560044028066, 0.9655453907458912, 0.8776558276749268, 0.8015592884146067, 0.5449775360152571, 0.14387489738820616, 0.10409546286476479, 0.17090948293006553, 0.29878514756499386, 9.202985328681173e-05, 0.3324795753032915, 9.815711671263331e-05, 9.701295841140502e-05]
[8.670681113521927e-05, 8.969224898305993e-05, 8.623315956317687e-05, 9.020056486748574e-05, 0.18858194084493718, 0.11696364311367208, 9.085193502406322e-05, 9.947485030963507e-05, 0.18028928149143986, 0.9386969933043469, 0.4633738964066645, 0.7368571141427241, 0.6499928435067535]

gen_Xbest[27]:
[0.10985728878605827, 0.03436491700512577, 0.12225793916551003, 0.1983505110205259, 0.2664405231398057, 0.7391614594981218, 0.8958136852002112, 0.8289910422196247, 0.5209255709435663, 0.061210976842366385, 0.20414652829004404, 0.2630447287405631, 0.34991014353483524]
[0.8900560044028066, 0.9655453907458912, 0.8776558276749268, 0.8015592884146067, 0.5449775360152571, 0.14387489738820616, 0.10409546286476479, 0.17090948293006553, 0.29878514756499386, 9.202985328681173e-05, 0.3324795753032915, 9.815711671263331e-05, 9.701295841140502e-05]
[8.670681113521927e-05, 8.969224898305993e-05, 8.623315956317687e-05, 9.020056486748574e-05, 0.18858194084493718, 0.11696364311367208, 9.085193502406322e-05, 9.947485030963507e-05, 0.18028928149143986, 0.9386969933043469, 0.4633738964066645, 0.7368571141427241, 0.6499928435067535]

gen_Xbest[28]:
[0.10985728878605827, 0.03436491700512577, 0.12225793916551003, 0.1983505110205259, 0.2664405231398057, 0.7391614594981218, 0.8958136852002112, 0.8289910422196247, 0.5209255709435663, 0.061210976842366385, 0.20414652829004404, 0.2630447287405631, 0.34991014353483524]
[0.8900560044028066, 0.9655453907458912, 0.8776558276749268, 0.8015592884146067, 0.5449775360152571, 0.14387489738820616, 0.10409546286476479, 0.17090948293006553, 0.29878514756499386, 9.202985328681173e-05, 0.3324795753032915, 9.815711671263331e-05, 9.701295841140502e-05]
[8.670681113521927e-05, 8.969224898305993e-05, 8.623315956317687e-05, 9.020056486748574e-05, 0.18858194084493718, 0.11696364311367208, 9.085193502406322e-05, 9.947485030963507e-05, 0.18028928149143986, 0.9386969933043469, 0.4633738964066645, 0.7368571141427241, 0.6499928435067535]

gen_Xbest[29]:
[0.10985728878605827, 0.03436491700512577, 0.12225793916551003, 0.1983505110205259, 0.2664405231398057, 0.7391614594981218, 0.8958136852002112, 0.8289910422196247, 0.5209255709435663, 0.061210976842366385, 0.20414652829004404, 0.2630447287405631, 0.34991014353483524]
[0.8900560044028066, 0.9655453907458912, 0.8776558276749268, 0.8015592884146067, 0.5449775360152571, 0.14387489738820616, 0.10409546286476479, 0.17090948293006553, 0.29878514756499386, 9.202985328681173e-05, 0.3324795753032915, 9.815711671263331e-05, 9.701295841140502e-05]
[8.670681113521927e-05, 8.969224898305993e-05, 8.623315956317687e-05, 9.020056486748574e-05, 0.18858194084493718, 0.11696364311367208, 9.085193502406322e-05, 9.947485030963507e-05, 0.18028928149143986, 0.9386969933043469, 0.4633738964066645, 0.7368571141427241, 0.6499928435067535]

gen_Xbest[30]:
[0.10985728878605827, 0.03436491700512577, 0.12225793916551003, 0.1983505110205259, 0.2664405231398057, 0.7391614594981218, 0.8958136852002112, 0.8289910422196247, 0.5209255709435663, 0.061210976842366385, 0.20414652829004404, 0.2630447287405631, 0.34991014353483524]
[0.8900560044028066, 0.9655453907458912, 0.8776558276749268, 0.8015592884146067, 0.5449775360152571, 0.14387489738820616, 0.10409546286476479, 0.17090948293006553, 0.29878514756499386, 9.202985328681173e-05, 0.3324795753032915, 9.815711671263331e-05, 9.701295841140502e-05]
[8.670681113521927e-05, 8.969224898305993e-05, 8.623315956317687e-05, 9.020056486748574e-05, 0.18858194084493718, 0.11696364311367208, 9.085193502406322e-05, 9.947485030963507e-05, 0.18028928149143986, 0.9386969933043469, 0.4633738964066645, 0.7368571141427241, 0.6499928435067535]

gen_Xbest[31]:
[0.10985728878605827, 0.03436491700512577, 0.12225793916551003, 0.1983505110205259, 0.2664405231398057, 0.7391614594981218, 0.8958136852002112, 0.8289910422196247, 0.5209255709435663, 0.061210976842366385, 0.20414652829004404, 0.2630447287405631, 0.34991014353483524]
[0.8900560044028066, 0.9655453907458912, 0.8776558276749268, 0.8015592884146067, 0.5449775360152571, 0.14387489738820616, 0.10409546286476479, 0.17090948293006553, 0.29878514756499386, 9.202985328681173e-05, 0.3324795753032915, 9.815711671263331e-05, 9.701295841140502e-05]
[8.670681113521927e-05, 8.969224898305993e-05, 8.623315956317687e-05, 9.020056486748574e-05, 0.18858194084493718, 0.11696364311367208, 9.085193502406322e-05, 9.947485030963507e-05, 0.18028928149143986, 0.9386969933043469, 0.4633738964066645, 0.7368571141427241, 0.6499928435067535]

gen_Xbest[32]:
[0.10985728878605827, 0.03436491700512577, 0.12225793916551003, 0.1983505110205259, 0.2664405231398057, 0.7391614594981218, 0.8958136852002112, 0.8289910422196247, 0.5209255709435663, 0.061210976842366385, 0.20414652829004404, 0.2630447287405631, 0.34991014353483524]
[0.8900560044028066, 0.9655453907458912, 0.8776558276749268, 0.8015592884146067, 0.5449775360152571, 0.14387489738820616, 0.10409546286476479, 0.17090948293006553, 0.29878514756499386, 9.202985328681173e-05, 0.3324795753032915, 9.815711671263331e-05, 9.701295841140502e-05]
[8.670681113521927e-05, 8.969224898305993e-05, 8.623315956317687e-05, 9.020056486748574e-05, 0.18858194084493718, 0.11696364311367208, 9.085193502406322e-05, 9.947485030963507e-05, 0.18028928149143986, 0.9386969933043469, 0.4633738964066645, 0.7368571141427241, 0.6499928435067535]

gen_Xbest[33]:
[0.10985728878605827, 0.03436491700512577, 0.12225793916551003, 0.1983505110205259, 0.2664405231398057, 0.7391614594981218, 0.8958136852002112, 0.8289910422196247, 0.5209255709435663, 0.061210976842366385, 0.20414652829004404, 0.2630447287405631, 0.34991014353483524]
[0.8900560044028066, 0.9655453907458912, 0.8776558276749268, 0.8015592884146067, 0.5449775360152571, 0.14387489738820616, 0.10409546286476479, 0.17090948293006553, 0.29878514756499386, 9.202985328681173e-05, 0.3324795753032915, 9.815711671263331e-05, 9.701295841140502e-05]
[8.670681113521927e-05, 8.969224898305993e-05, 8.623315956317687e-05, 9.020056486748574e-05, 0.18858194084493718, 0.11696364311367208, 9.085193502406322e-05, 9.947485030963507e-05, 0.18028928149143986, 0.9386969933043469, 0.4633738964066645, 0.7368571141427241, 0.6499928435067535]

gen_Xbest[34]:
[0.10985728878605827, 0.03436491700512577, 0.12225793916551003, 0.1983505110205259, 0.2664405231398057, 0.7391614594981218, 0.8958136852002112, 0.8289910422196247, 0.5209255709435663, 0.061210976842366385, 0.20414652829004404, 0.2630447287405631, 0.34991014353483524]
[0.8900560044028066, 0.9655453907458912, 0.8776558276749268, 0.8015592884146067, 0.5449775360152571, 0.14387489738820616, 0.10409546286476479, 0.17090948293006553, 0.29878514756499386, 9.202985328681173e-05, 0.3324795753032915, 9.815711671263331e-05, 9.701295841140502e-05]
[8.670681113521927e-05, 8.969224898305993e-05, 8.623315956317687e-05, 9.020056486748574e-05, 0.18858194084493718, 0.11696364311367208, 9.085193502406322e-05, 9.947485030963507e-05, 0.18028928149143986, 0.9386969933043469, 0.4633738964066645, 0.7368571141427241, 0.6499928435067535]

gen_Xbest[35]:
[0.10985728878605827, 0.03436491700512577, 0.12225793916551003, 0.1983505110205259, 0.2664405231398057, 0.7391614594981218, 0.8958136852002112, 0.8289910422196247, 0.5209255709435663, 0.061210976842366385, 0.20414652829004404, 0.2630447287405631, 0.34991014353483524]
[0.8900560044028066, 0.9655453907458912, 0.8776558276749268, 0.8015592884146067, 0.5449775360152571, 0.14387489738820616, 0.10409546286476479, 0.17090948293006553, 0.29878514756499386, 9.202985328681173e-05, 0.3324795753032915, 9.815711671263331e-05, 9.701295841140502e-05]
[8.670681113521927e-05, 8.969224898305993e-05, 8.623315956317687e-05, 9.020056486748574e-05, 0.18858194084493718, 0.11696364311367208, 9.085193502406322e-05, 9.947485030963507e-05, 0.18028928149143986, 0.9386969933043469, 0.4633738964066645, 0.7368571141427241, 0.6499928435067535]

gen_Xbest[36]:
[0.005412103485304244, 0.0007766857996327725, 0.006721101620728566, 0.08582452818626324, 0.27795170014833126, 0.8845376798828075, 0.9579610748545114, 0.8577677182810176, 0.5076442922139319, 0.32524601135673203, 0.17074093357759942, 0.3253594050575821, 0.1701136358567198]
[0.9780212956800602, 0.9990826249390811, 0.9752069210961105, 0.9140755345758573, 0.6002167905502761, 0.11536244652905729, 0.04193909689000662, 0.14213235405123814, 0.4330948322737322, 9.964866187773507e-05, 0.2918233919644004, 0.3244860198795114, 0.08283916472606068]
[0.016566600834635445, 0.00014068926128617983, 0.018071977283160807, 9.993723787935203e-05, 0.12183150930139261, 9.987358813526369e-05, 9.98282554820267e-05, 9.992766774434347e-05, 0.05926087551233577, 0.6746543399813902, 0.5374356744580002, 0.3501545750629066, 0.7470471994172196]

gen_Xbest[37]:
[0.005412103485304244, 0.0007766857996327725, 0.006721101620728566, 0.08582452818626324, 0.27795170014833126, 0.8845376798828075, 0.9579610748545114, 0.8577677182810176, 0.5076442922139319, 0.32524601135673203, 0.17074093357759942, 0.3253594050575821, 0.1701136358567198]
[0.9780212956800602, 0.9990826249390811, 0.9752069210961105, 0.9140755345758573, 0.6002167905502761, 0.11536244652905729, 0.04193909689000662, 0.14213235405123814, 0.4330948322737322, 9.964866187773507e-05, 0.2918233919644004, 0.3244860198795114, 0.08283916472606068]
[0.016566600834635445, 0.00014068926128617983, 0.018071977283160807, 9.993723787935203e-05, 0.12183150930139261, 9.987358813526369e-05, 9.98282554820267e-05, 9.992766774434347e-05, 0.05926087551233577, 0.6746543399813902, 0.5374356744580002, 0.3501545750629066, 0.7470471994172196]

gen_Xbest[38]:
[0.005412103485304244, 0.0007766857996327725, 0.006721101620728566, 0.08582452818626324, 0.27795170014833126, 0.8845376798828075, 0.9579610748545114, 0.8577677182810176, 0.5076442922139319, 0.32524601135673203, 0.17074093357759942, 0.3253594050575821, 0.1701136358567198]
[0.9780212956800602, 0.9990826249390811, 0.9752069210961105, 0.9140755345758573, 0.6002167905502761, 0.11536244652905729, 0.04193909689000662, 0.14213235405123814, 0.4330948322737322, 9.964866187773507e-05, 0.2918233919644004, 0.3244860198795114, 0.08283916472606068]
[0.016566600834635445, 0.00014068926128617983, 0.018071977283160807, 9.993723787935203e-05, 0.12183150930139261, 9.987358813526369e-05, 9.98282554820267e-05, 9.992766774434347e-05, 0.05926087551233577, 0.6746543399813902, 0.5374356744580002, 0.3501545750629066, 0.7470471994172196]

gen_Xbest[39]:
[0.005412103485304244, 0.0007766857996327725, 0.006721101620728566, 0.08582452818626324, 0.27795170014833126, 0.8845376798828075, 0.9579610748545114, 0.8577677182810176, 0.5076442922139319, 0.32524601135673203, 0.17074093357759942, 0.3253594050575821, 0.1701136358567198]
[0.9780212956800602, 0.9990826249390811, 0.9752069210961105, 0.9140755345758573, 0.6002167905502761, 0.11536244652905729, 0.04193909689000662, 0.14213235405123814, 0.4330948322737322, 9.964866187773507e-05, 0.2918233919644004, 0.3244860198795114, 0.08283916472606068]
[0.016566600834635445, 0.00014068926128617983, 0.018071977283160807, 9.993723787935203e-05, 0.12183150930139261, 9.987358813526369e-05, 9.98282554820267e-05, 9.992766774434347e-05, 0.05926087551233577, 0.6746543399813902, 0.5374356744580002, 0.3501545750629066, 0.7470471994172196]

gen_Xbest[40]:
[0.005412103485304244, 0.0007766857996327725, 0.006721101620728566, 0.08582452818626324, 0.27795170014833126, 0.8845376798828075, 0.9579610748545114, 0.8577677182810176, 0.5076442922139319, 0.32524601135673203, 0.17074093357759942, 0.3253594050575821, 0.1701136358567198]
[0.9780212956800602, 0.9990826249390811, 0.9752069210961105, 0.9140755345758573, 0.6002167905502761, 0.11536244652905729, 0.04193909689000662, 0.14213235405123814, 0.4330948322737322, 9.964866187773507e-05, 0.2918233919644004, 0.3244860198795114, 0.08283916472606068]
[0.016566600834635445, 0.00014068926128617983, 0.018071977283160807, 9.993723787935203e-05, 0.12183150930139261, 9.987358813526369e-05, 9.98282554820267e-05, 9.992766774434347e-05, 0.05926087551233577, 0.6746543399813902, 0.5374356744580002, 0.3501545750629066, 0.7470471994172196]

gen_Xbest[41]:
[0.005412103485304244, 0.0007766857996327725, 0.006721101620728566, 0.08582452818626324, 0.27795170014833126, 0.8845376798828075, 0.9579610748545114, 0.8577677182810176, 0.5076442922139319, 0.32524601135673203, 0.17074093357759942, 0.3253594050575821, 0.1701136358567198]
[0.9780212956800602, 0.9990826249390811, 0.9752069210961105, 0.9140755345758573, 0.6002167905502761, 0.11536244652905729, 0.04193909689000662, 0.14213235405123814, 0.4330948322737322, 9.964866187773507e-05, 0.2918233919644004, 0.3244860198795114, 0.08283916472606068]
[0.016566600834635445, 0.00014068926128617983, 0.018071977283160807, 9.993723787935203e-05, 0.12183150930139261, 9.987358813526369e-05, 9.98282554820267e-05, 9.992766774434347e-05, 0.05926087551233577, 0.6746543399813902, 0.5374356744580002, 0.3501545750629066, 0.7470471994172196]

gen_Xbest[42]:
[0.005412103485304244, 0.0007766857996327725, 0.006721101620728566, 0.08582452818626324, 0.27795170014833126, 0.8845376798828075, 0.9579610748545114, 0.8577677182810176, 0.5076442922139319, 0.32524601135673203, 0.17074093357759942, 0.3253594050575821, 0.1701136358567198]
[0.9780212956800602, 0.9990826249390811, 0.9752069210961105, 0.9140755345758573, 0.6002167905502761, 0.11536244652905729, 0.04193909689000662, 0.14213235405123814, 0.4330948322737322, 9.964866187773507e-05, 0.2918233919644004, 0.3244860198795114, 0.08283916472606068]
[0.016566600834635445, 0.00014068926128617983, 0.018071977283160807, 9.993723787935203e-05, 0.12183150930139261, 9.987358813526369e-05, 9.98282554820267e-05, 9.992766774434347e-05, 0.05926087551233577, 0.6746543399813902, 0.5374356744580002, 0.3501545750629066, 0.7470471994172196]

gen_Xbest[43]:
[0.005412103485304244, 0.0007766857996327725, 0.006721101620728566, 0.08582452818626324, 0.27795170014833126, 0.8845376798828075, 0.9579610748545114, 0.8577677182810176, 0.5076442922139319, 0.32524601135673203, 0.17074093357759942, 0.3253594050575821, 0.1701136358567198]
[0.9780212956800602, 0.9990826249390811, 0.9752069210961105, 0.9140755345758573, 0.6002167905502761, 0.11536244652905729, 0.04193909689000662, 0.14213235405123814, 0.4330948322737322, 9.964866187773507e-05, 0.2918233919644004, 0.3244860198795114, 0.08283916472606068]
[0.016566600834635445, 0.00014068926128617983, 0.018071977283160807, 9.993723787935203e-05, 0.12183150930139261, 9.987358813526369e-05, 9.98282554820267e-05, 9.992766774434347e-05, 0.05926087551233577, 0.6746543399813902, 0.5374356744580002, 0.3501545750629066, 0.7470471994172196]

gen_Xbest[44]:
[0.005412103485304244, 0.0007766857996327725, 0.006721101620728566, 0.08582452818626324, 0.27795170014833126, 0.8845376798828075, 0.9579610748545114, 0.8577677182810176, 0.5076442922139319, 0.32524601135673203, 0.17074093357759942, 0.3253594050575821, 0.1701136358567198]
[0.9780212956800602, 0.9990826249390811, 0.9752069210961105, 0.9140755345758573, 0.6002167905502761, 0.11536244652905729, 0.04193909689000662, 0.14213235405123814, 0.4330948322737322, 9.964866187773507e-05, 0.2918233919644004, 0.3244860198795114, 0.08283916472606068]
[0.016566600834635445, 0.00014068926128617983, 0.018071977283160807, 9.993723787935203e-05, 0.12183150930139261, 9.987358813526369e-05, 9.98282554820267e-05, 9.992766774434347e-05, 0.05926087551233577, 0.6746543399813902, 0.5374356744580002, 0.3501545750629066, 0.7470471994172196]

gen_Xbest[45]:
[0.005412103485304244, 0.0007766857996327725, 0.006721101620728566, 0.08582452818626324, 0.27795170014833126, 0.8845376798828075, 0.9579610748545114, 0.8577677182810176, 0.5076442922139319, 0.32524601135673203, 0.17074093357759942, 0.3253594050575821, 0.1701136358567198]
[0.9780212956800602, 0.9990826249390811, 0.9752069210961105, 0.9140755345758573, 0.6002167905502761, 0.11536244652905729, 0.04193909689000662, 0.14213235405123814, 0.4330948322737322, 9.964866187773507e-05, 0.2918233919644004, 0.3244860198795114, 0.08283916472606068]
[0.016566600834635445, 0.00014068926128617983, 0.018071977283160807, 9.993723787935203e-05, 0.12183150930139261, 9.987358813526369e-05, 9.98282554820267e-05, 9.992766774434347e-05, 0.05926087551233577, 0.6746543399813902, 0.5374356744580002, 0.3501545750629066, 0.7470471994172196]

gen_Xbest[46]:
[0.005412103485304244, 0.0007766857996327725, 0.006721101620728566, 0.08582452818626324, 0.27795170014833126, 0.8845376798828075, 0.9579610748545114, 0.8577677182810176, 0.5076442922139319, 0.32524601135673203, 0.17074093357759942, 0.3253594050575821, 0.1701136358567198]
[0.9780212956800602, 0.9990826249390811, 0.9752069210961105, 0.9140755345758573, 0.6002167905502761, 0.11536244652905729, 0.04193909689000662, 0.14213235405123814, 0.4330948322737322, 9.964866187773507e-05, 0.2918233919644004, 0.3244860198795114, 0.08283916472606068]
[0.016566600834635445, 0.00014068926128617983, 0.018071977283160807, 9.993723787935203e-05, 0.12183150930139261, 9.987358813526369e-05, 9.98282554820267e-05, 9.992766774434347e-05, 0.05926087551233577, 0.6746543399813902, 0.5374356744580002, 0.3501545750629066, 0.7470471994172196]

gen_Xbest[47]:
[0.005412103485304244, 0.0007766857996327725, 0.006721101620728566, 0.08582452818626324, 0.27795170014833126, 0.8845376798828075, 0.9579610748545114, 0.8577677182810176, 0.5076442922139319, 0.32524601135673203, 0.17074093357759942, 0.3253594050575821, 0.1701136358567198]
[0.9780212956800602, 0.9990826249390811, 0.9752069210961105, 0.9140755345758573, 0.6002167905502761, 0.11536244652905729, 0.04193909689000662, 0.14213235405123814, 0.4330948322737322, 9.964866187773507e-05, 0.2918233919644004, 0.3244860198795114, 0.08283916472606068]
[0.016566600834635445, 0.00014068926128617983, 0.018071977283160807, 9.993723787935203e-05, 0.12183150930139261, 9.987358813526369e-05, 9.98282554820267e-05, 9.992766774434347e-05, 0.05926087551233577, 0.6746543399813902, 0.5374356744580002, 0.3501545750629066, 0.7470471994172196]

gen_Xbest[48]:
[0.005412103485304244, 0.0007766857996327725, 0.006721101620728566, 0.08582452818626324, 0.27795170014833126, 0.8845376798828075, 0.9579610748545114, 0.8577677182810176, 0.5076442922139319, 0.32524601135673203, 0.17074093357759942, 0.3253594050575821, 0.1701136358567198]
[0.9780212956800602, 0.9990826249390811, 0.9752069210961105, 0.9140755345758573, 0.6002167905502761, 0.11536244652905729, 0.04193909689000662, 0.14213235405123814, 0.4330948322737322, 9.964866187773507e-05, 0.2918233919644004, 0.3244860198795114, 0.08283916472606068]
[0.016566600834635445, 0.00014068926128617983, 0.018071977283160807, 9.993723787935203e-05, 0.12183150930139261, 9.987358813526369e-05, 9.98282554820267e-05, 9.992766774434347e-05, 0.05926087551233577, 0.6746543399813902, 0.5374356744580002, 0.3501545750629066, 0.7470471994172196]

gen_Xbest[49]:
[0.005412103485304244, 0.0007766857996327725, 0.006721101620728566, 0.08582452818626324, 0.27795170014833126, 0.8845376798828075, 0.9579610748545114, 0.8577677182810176, 0.5076442922139319, 0.32524601135673203, 0.17074093357759942, 0.3253594050575821, 0.1701136358567198]
[0.9780212956800602, 0.9990826249390811, 0.9752069210961105, 0.9140755345758573, 0.6002167905502761, 0.11536244652905729, 0.04193909689000662, 0.14213235405123814, 0.4330948322737322, 9.964866187773507e-05, 0.2918233919644004, 0.3244860198795114, 0.08283916472606068]
[0.016566600834635445, 0.00014068926128617983, 0.018071977283160807, 9.993723787935203e-05, 0.12183150930139261, 9.987358813526369e-05, 9.98282554820267e-05, 9.992766774434347e-05, 0.05926087551233577, 0.6746543399813902, 0.5374356744580002, 0.3501545750629066, 0.7470471994172196]

gen_Xbest[50]:
[0.005412103485304244, 0.0007766857996327725, 0.006721101620728566, 0.08582452818626324, 0.27795170014833126, 0.8845376798828075, 0.9579610748545114, 0.8577677182810176, 0.5076442922139319, 0.32524601135673203, 0.17074093357759942, 0.3253594050575821, 0.1701136358567198]
[0.9780212956800602, 0.9990826249390811, 0.9752069210961105, 0.9140755345758573, 0.6002167905502761, 0.11536244652905729, 0.04193909689000662, 0.14213235405123814, 0.4330948322737322, 9.964866187773507e-05, 0.2918233919644004, 0.3244860198795114, 0.08283916472606068]
[0.016566600834635445, 0.00014068926128617983, 0.018071977283160807, 9.993723787935203e-05, 0.12183150930139261, 9.987358813526369e-05, 9.98282554820267e-05, 9.992766774434347e-05, 0.05926087551233577, 0.6746543399813902, 0.5374356744580002, 0.3501545750629066, 0.7470471994172196]

gen_Xbest[51]:
[0.005412103485304244, 0.0007766857996327725, 0.006721101620728566, 0.08582452818626324, 0.27795170014833126, 0.8845376798828075, 0.9579610748545114, 0.8577677182810176, 0.5076442922139319, 0.32524601135673203, 0.17074093357759942, 0.3253594050575821, 0.1701136358567198]
[0.9780212956800602, 0.9990826249390811, 0.9752069210961105, 0.9140755345758573, 0.6002167905502761, 0.11536244652905729, 0.04193909689000662, 0.14213235405123814, 0.4330948322737322, 9.964866187773507e-05, 0.2918233919644004, 0.3244860198795114, 0.08283916472606068]
[0.016566600834635445, 0.00014068926128617983, 0.018071977283160807, 9.993723787935203e-05, 0.12183150930139261, 9.987358813526369e-05, 9.98282554820267e-05, 9.992766774434347e-05, 0.05926087551233577, 0.6746543399813902, 0.5374356744580002, 0.3501545750629066, 0.7470471994172196]

gen_Xbest[52]:
[0.005412103485304244, 0.0007766857996327725, 0.006721101620728566, 0.08582452818626324, 0.27795170014833126, 0.8845376798828075, 0.9579610748545114, 0.8577677182810176, 0.5076442922139319, 0.32524601135673203, 0.17074093357759942, 0.3253594050575821, 0.1701136358567198]
[0.9780212956800602, 0.9990826249390811, 0.9752069210961105, 0.9140755345758573, 0.6002167905502761, 0.11536244652905729, 0.04193909689000662, 0.14213235405123814, 0.4330948322737322, 9.964866187773507e-05, 0.2918233919644004, 0.3244860198795114, 0.08283916472606068]
[0.016566600834635445, 0.00014068926128617983, 0.018071977283160807, 9.993723787935203e-05, 0.12183150930139261, 9.987358813526369e-05, 9.98282554820267e-05, 9.992766774434347e-05, 0.05926087551233577, 0.6746543399813902, 0.5374356744580002, 0.3501545750629066, 0.7470471994172196]

gen_Xbest[53]:
[0.005412103485304244, 0.0007766857996327725, 0.006721101620728566, 0.08582452818626324, 0.27795170014833126, 0.8845376798828075, 0.9579610748545114, 0.8577677182810176, 0.5076442922139319, 0.32524601135673203, 0.17074093357759942, 0.3253594050575821, 0.1701136358567198]
[0.9780212956800602, 0.9990826249390811, 0.9752069210961105, 0.9140755345758573, 0.6002167905502761, 0.11536244652905729, 0.04193909689000662, 0.14213235405123814, 0.4330948322737322, 9.964866187773507e-05, 0.2918233919644004, 0.3244860198795114, 0.08283916472606068]
[0.016566600834635445, 0.00014068926128617983, 0.018071977283160807, 9.993723787935203e-05, 0.12183150930139261, 9.987358813526369e-05, 9.98282554820267e-05, 9.992766774434347e-05, 0.05926087551233577, 0.6746543399813902, 0.5374356744580002, 0.3501545750629066, 0.7470471994172196]

gen_Xbest[54]:
[0.005412103485304244, 0.0007766857996327725, 0.006721101620728566, 0.08582452818626324, 0.27795170014833126, 0.8845376798828075, 0.9579610748545114, 0.8577677182810176, 0.5076442922139319, 0.32524601135673203, 0.17074093357759942, 0.3253594050575821, 0.1701136358567198]
[0.9780212956800602, 0.9990826249390811, 0.9752069210961105, 0.9140755345758573, 0.6002167905502761, 0.11536244652905729, 0.04193909689000662, 0.14213235405123814, 0.4330948322737322, 9.964866187773507e-05, 0.2918233919644004, 0.3244860198795114, 0.08283916472606068]
[0.016566600834635445, 0.00014068926128617983, 0.018071977283160807, 9.993723787935203e-05, 0.12183150930139261, 9.987358813526369e-05, 9.98282554820267e-05, 9.992766774434347e-05, 0.05926087551233577, 0.6746543399813902, 0.5374356744580002, 0.3501545750629066, 0.7470471994172196]

gen_Xbest[55]:
[0.005412103485304244, 0.0007766857996327725, 0.006721101620728566, 0.08582452818626324, 0.27795170014833126, 0.8845376798828075, 0.9579610748545114, 0.8577677182810176, 0.5076442922139319, 0.32524601135673203, 0.17074093357759942, 0.3253594050575821, 0.1701136358567198]
[0.9780212956800602, 0.9990826249390811, 0.9752069210961105, 0.9140755345758573, 0.6002167905502761, 0.11536244652905729, 0.04193909689000662, 0.14213235405123814, 0.4330948322737322, 9.964866187773507e-05, 0.2918233919644004, 0.3244860198795114, 0.08283916472606068]
[0.016566600834635445, 0.00014068926128617983, 0.018071977283160807, 9.993723787935203e-05, 0.12183150930139261, 9.987358813526369e-05, 9.98282554820267e-05, 9.992766774434347e-05, 0.05926087551233577, 0.6746543399813902, 0.5374356744580002, 0.3501545750629066, 0.7470471994172196]

gen_Xbest[56]:
[0.005412103485304244, 0.0007766857996327725, 0.006721101620728566, 0.08582452818626324, 0.27795170014833126, 0.8845376798828075, 0.9579610748545114, 0.8577677182810176, 0.5076442922139319, 0.32524601135673203, 0.17074093357759942, 0.3253594050575821, 0.1701136358567198]
[0.9780212956800602, 0.9990826249390811, 0.9752069210961105, 0.9140755345758573, 0.6002167905502761, 0.11536244652905729, 0.04193909689000662, 0.14213235405123814, 0.4330948322737322, 9.964866187773507e-05, 0.2918233919644004, 0.3244860198795114, 0.08283916472606068]
[0.016566600834635445, 0.00014068926128617983, 0.018071977283160807, 9.993723787935203e-05, 0.12183150930139261, 9.987358813526369e-05, 9.98282554820267e-05, 9.992766774434347e-05, 0.05926087551233577, 0.6746543399813902, 0.5374356744580002, 0.3501545750629066, 0.7470471994172196]

gen_Xbest[57]:
[0.005412103485304244, 0.0007766857996327725, 0.006721101620728566, 0.08582452818626324, 0.27795170014833126, 0.8845376798828075, 0.9579610748545114, 0.8577677182810176, 0.5076442922139319, 0.32524601135673203, 0.17074093357759942, 0.3253594050575821, 0.1701136358567198]
[0.9780212956800602, 0.9990826249390811, 0.9752069210961105, 0.9140755345758573, 0.6002167905502761, 0.11536244652905729, 0.04193909689000662, 0.14213235405123814, 0.4330948322737322, 9.964866187773507e-05, 0.2918233919644004, 0.3244860198795114, 0.08283916472606068]
[0.016566600834635445, 0.00014068926128617983, 0.018071977283160807, 9.993723787935203e-05, 0.12183150930139261, 9.987358813526369e-05, 9.98282554820267e-05, 9.992766774434347e-05, 0.05926087551233577, 0.6746543399813902, 0.5374356744580002, 0.3501545750629066, 0.7470471994172196]

gen_Xbest[58]:
[0.005412103485304244, 0.0007766857996327725, 0.006721101620728566, 0.08582452818626324, 0.27795170014833126, 0.8845376798828075, 0.9579610748545114, 0.8577677182810176, 0.5076442922139319, 0.32524601135673203, 0.17074093357759942, 0.3253594050575821, 0.1701136358567198]
[0.9780212956800602, 0.9990826249390811, 0.9752069210961105, 0.9140755345758573, 0.6002167905502761, 0.11536244652905729, 0.04193909689000662, 0.14213235405123814, 0.4330948322737322, 9.964866187773507e-05, 0.2918233919644004, 0.3244860198795114, 0.08283916472606068]
[0.016566600834635445, 0.00014068926128617983, 0.018071977283160807, 9.993723787935203e-05, 0.12183150930139261, 9.987358813526369e-05, 9.98282554820267e-05, 9.992766774434347e-05, 0.05926087551233577, 0.6746543399813902, 0.5374356744580002, 0.3501545750629066, 0.7470471994172196]

gen_Xbest[59]:
[0.005412103485304244, 0.0007766857996327725, 0.006721101620728566, 0.08582452818626324, 0.27795170014833126, 0.8845376798828075, 0.9579610748545114, 0.8577677182810176, 0.5076442922139319, 0.32524601135673203, 0.17074093357759942, 0.3253594050575821, 0.1701136358567198]
[0.9780212956800602, 0.9990826249390811, 0.9752069210961105, 0.9140755345758573, 0.6002167905502761, 0.11536244652905729, 0.04193909689000662, 0.14213235405123814, 0.4330948322737322, 9.964866187773507e-05, 0.2918233919644004, 0.3244860198795114, 0.08283916472606068]
[0.016566600834635445, 0.00014068926128617983, 0.018071977283160807, 9.993723787935203e-05, 0.12183150930139261, 9.987358813526369e-05, 9.98282554820267e-05, 9.992766774434347e-05, 0.05926087551233577, 0.6746543399813902, 0.5374356744580002, 0.3501545750629066, 0.7470471994172196]

