gen_Xbest[0]:
[9.407660133522056e-05, 9.407660133522056e-05, 9.407660133522056e-05, 0.15271363223597897, 0.0025555621882682664, 0.3545750867846605, 0.1487709078018739, 9.153374655655958e-05, 0.9605142109999849, 0.8714719409981883, 0.8736962196386001, 0.7938586010527452, 0.680111275115714]
[0.09393932139688843, 0.09393932139688843, 0.09393932139688843, 9.614415009043581e-05, 0.06378887861291593, 0.49646945621785293, 0.6216228848863368, 0.8214116334788908, 0.039388799572301854, 9.234248513463901e-05, 9.642059252208613e-05, 0.2060480966257798, 0.19287123137700882]
[0.9059666020017763, 0.9059666020017763, 0.9059666020017763, 0.8471902236139306, 0.9336555591988158, 0.1489554569974866, 0.22960620731178938, 0.17849683277455258, 9.698942771325998e-05, 0.12843571651667707, 0.12620735976887787, 9.330232147499937e-05, 0.1270174935072773]

gen_Xbest[1]:
[0.4619960483504499, 0.4619960483504499, 0.4619960483504499, 0.7688853627450203, 0.5096758014026972, 0.27669513263403117, 0.1419080031194047, 0.11796227018020893, 0.14674697378649607, 0.24091081079844354, 0.3268242276121524, 0.28433254978320793, 0.2921282673781586]
[0.1758991898558827, 0.1758991898558827, 0.1758991898558827, 0.15046722316433636, 0.23029426072322373, 0.3375777551144852, 0.38360243958192936, 0.3894830840963553, 0.35818136206922646, 0.3992893480955911, 0.37983347281641877, 0.397743509341144, 0.40659945067428654]
[0.3621047617936674, 0.3621047617936674, 0.3621047617936674, 0.08064741409064341, 0.26002993787407913, 0.38572711225148376, 0.4744895572986659, 0.4925546457234358, 0.49507166414427756, 0.35979984110596547, 0.2933422995714288, 0.3179239408756482, 0.3012722819475548]

gen_Xbest[2]:
[0.5381930270194818, 0.5821899929465468, 0.5675188480988553, 0.6501731016609671, 0.6548579042894814, 0.3170430523435026, 0.3167230265289522, 0.32412271957106215, 0.19439250674280123, 0.23502959725784656, 0.38109998188863603, 0.42987728119659174, 0.42121160242630323]
[9.483122310986123e-05, 0.15105767398229117, 0.06964635618976374, 0.15295826179527833, 0.34504545224677546, 0.27118600047411423, 0.03612463248181286, 9.876164313849173e-05, 0.3716646177730306, 0.426458800545397, 0.6188075424349765, 0.5700289460975199, 0.5282763513970793]
[0.46171214175740827, 0.26675233307116203, 0.36283479571138083, 0.19686863654375453, 9.66434637429997e-05, 0.4117709471823833, 0.6471523409892349, 0.6757785187857993, 0.4339428754841681, 0.33851160219675647, 9.247567638742015e-05, 9.37727058884386e-05, 0.050512046176617545]

gen_Xbest[3]:
[0.9994674171018801, 0.9995175918596398, 0.9995201517497039, 0.9995421099182007, 0.5770410222901915, 0.4892101569814429, 0.3882305551822963, 0.3064330365116088, 0.0003666039975517878, 0.00024813060736483475, 0.00018202487239501268, 0.33912464435466905, 0.1619205343747905]
[0.00026629144905994406, 0.000241204070180114, 0.0002399241251480684, 0.0002289450408996574, 0.42278834833574425, 0.000605290075044973, 0.0002651636240337888, 0.00017152788959202332, 0.0003666039975517878, 0.9391029177470009, 0.99963595025521, 0.6605257914686538, 0.837818646315906]
[0.00026629144905994406, 0.000241204070180114, 0.0002399241251480684, 0.0002289450408996574, 0.00017062937406429765, 0.5101845529435121, 0.6115042811936698, 0.6933954355987992, 0.9992667920048965, 0.06064895164563417, 0.00018202487239501268, 0.0003495641766772613, 0.00026081930930355393]

gen_Xbest[4]:
[0.9994674171018801, 0.9995175918596398, 0.9995201517497039, 0.9995421099182007, 0.5770410222901915, 0.4892101569814429, 0.3882305551822963, 0.3064330365116088, 0.0003666039975517878, 0.00024813060736483475, 0.00018202487239501268, 0.33912464435466905, 0.1619205343747905]
[0.00026629144905994406, 0.000241204070180114, 0.0002399241251480684, 0.0002289450408996574, 0.42278834833574425, 0.000605290075044973, 0.0002651636240337888, 0.00017152788959202332, 0.0003666039975517878, 0.9391029177470009, 0.99963595025521, 0.6605257914686538, 0.837818646315906]
[0.00026629144905994406, 0.000241204070180114, 0.0002399241251480684, 0.0002289450408996574, 0.00017062937406429765, 0.5101845529435121, 0.6115042811936698, 0.6933954355987992, 0.9992667920048965, 0.06064895164563417, 0.00018202487239501268, 0.0003495641766772613, 0.00026081930930355393]

gen_Xbest[5]:
[0.9994674171018801, 0.9995175918596398, 0.9995201517497039, 0.9995421099182007, 0.5770410222901915, 0.4892101569814429, 0.3882305551822963, 0.3064330365116088, 0.0003666039975517878, 0.00024813060736483475, 0.00018202487239501268, 0.33912464435466905, 0.1619205343747905]
[0.00026629144905994406, 0.000241204070180114, 0.0002399241251480684, 0.0002289450408996574, 0.42278834833574425, 0.000605290075044973, 0.0002651636240337888, 0.00017152788959202332, 0.0003666039975517878, 0.9391029177470009, 0.99963595025521, 0.6605257914686538, 0.837818646315906]
[0.00026629144905994406, 0.000241204070180114, 0.0002399241251480684, 0.0002289450408996574, 0.00017062937406429765, 0.5101845529435121, 0.6115042811936698, 0.6933954355987992, 0.9992667920048965, 0.06064895164563417, 0.00018202487239501268, 0.0003495641766772613, 0.00026081930930355393]

gen_Xbest[6]:
[0.9994674171018801, 0.9995175918596398, 0.9995201517497039, 0.9995421099182007, 0.5770410222901915, 0.4892101569814429, 0.3882305551822963, 0.3064330365116088, 0.0003666039975517878, 0.00024813060736483475, 0.00018202487239501268, 0.33912464435466905, 0.1619205343747905]
[0.00026629144905994406, 0.000241204070180114, 0.0002399241251480684, 0.0002289450408996574, 0.42278834833574425, 0.000605290075044973, 0.0002651636240337888, 0.00017152788959202332, 0.0003666039975517878, 0.9391029177470009, 0.99963595025521, 0.6605257914686538, 0.837818646315906]
[0.00026629144905994406, 0.000241204070180114, 0.0002399241251480684, 0.0002289450408996574, 0.00017062937406429765, 0.5101845529435121, 0.6115042811936698, 0.6933954355987992, 0.9992667920048965, 0.06064895164563417, 0.00018202487239501268, 0.0003495641766772613, 0.00026081930930355393]

gen_Xbest[7]:
[0.9994674171018801, 0.9995175918596398, 0.9995201517497039, 0.9995421099182007, 0.5770410222901915, 0.4892101569814429, 0.3882305551822963, 0.3064330365116088, 0.0003666039975517878, 0.00024813060736483475, 0.00018202487239501268, 0.33912464435466905, 0.1619205343747905]
[0.00026629144905994406, 0.000241204070180114, 0.0002399241251480684, 0.0002289450408996574, 0.42278834833574425, 0.000605290075044973, 0.0002651636240337888, 0.00017152788959202332, 0.0003666039975517878, 0.9391029177470009, 0.99963595025521, 0.6605257914686538, 0.837818646315906]
[0.00026629144905994406, 0.000241204070180114, 0.0002399241251480684, 0.0002289450408996574, 0.00017062937406429765, 0.5101845529435121, 0.6115042811936698, 0.6933954355987992, 0.9992667920048965, 0.06064895164563417, 0.00018202487239501268, 0.0003495641766772613, 0.00026081930930355393]

gen_Xbest[8]:
[0.9994674171018801, 0.9995175918596398, 0.9995201517497039, 0.9995421099182007, 0.5770410222901915, 0.4892101569814429, 0.3882305551822963, 0.3064330365116088, 0.0003666039975517878, 0.00024813060736483475, 0.00018202487239501268, 0.33912464435466905, 0.1619205343747905]
[0.00026629144905994406, 0.000241204070180114, 0.0002399241251480684, 0.0002289450408996574, 0.42278834833574425, 0.000605290075044973, 0.0002651636240337888, 0.00017152788959202332, 0.0003666039975517878, 0.9391029177470009, 0.99963595025521, 0.6605257914686538, 0.837818646315906]
[0.00026629144905994406, 0.000241204070180114, 0.0002399241251480684, 0.0002289450408996574, 0.00017062937406429765, 0.5101845529435121, 0.6115042811936698, 0.6933954355987992, 0.9992667920048965, 0.06064895164563417, 0.00018202487239501268, 0.0003495641766772613, 0.00026081930930355393]

gen_Xbest[9]:
[0.9994674171018801, 0.9995175918596398, 0.9995201517497039, 0.9995421099182007, 0.5770410222901915, 0.4892101569814429, 0.3882305551822963, 0.3064330365116088, 0.0003666039975517878, 0.00024813060736483475, 0.00018202487239501268, 0.33912464435466905, 0.1619205343747905]
[0.00026629144905994406, 0.000241204070180114, 0.0002399241251480684, 0.0002289450408996574, 0.42278834833574425, 0.000605290075044973, 0.0002651636240337888, 0.00017152788959202332, 0.0003666039975517878, 0.9391029177470009, 0.99963595025521, 0.6605257914686538, 0.837818646315906]
[0.00026629144905994406, 0.000241204070180114, 0.0002399241251480684, 0.0002289450408996574, 0.00017062937406429765, 0.5101845529435121, 0.6115042811936698, 0.6933954355987992, 0.9992667920048965, 0.06064895164563417, 0.00018202487239501268, 0.0003495641766772613, 0.00026081930930355393]

gen_Xbest[10]:
[0.9994674171018801, 0.9995175918596398, 0.9995201517497039, 0.9995421099182007, 0.5770410222901915, 0.4892101569814429, 0.3882305551822963, 0.3064330365116088, 0.0003666039975517878, 0.00024813060736483475, 0.00018202487239501268, 0.33912464435466905, 0.1619205343747905]
[0.00026629144905994406, 0.000241204070180114, 0.0002399241251480684, 0.0002289450408996574, 0.42278834833574425, 0.000605290075044973, 0.0002651636240337888, 0.00017152788959202332, 0.0003666039975517878, 0.9391029177470009, 0.99963595025521, 0.6605257914686538, 0.837818646315906]
[0.00026629144905994406, 0.000241204070180114, 0.0002399241251480684, 0.0002289450408996574, 0.00017062937406429765, 0.5101845529435121, 0.6115042811936698, 0.6933954355987992, 0.9992667920048965, 0.06064895164563417, 0.00018202487239501268, 0.0003495641766772613, 0.00026081930930355393]

gen_Xbest[11]:
[0.9994674171018801, 0.9995175918596398, 0.9995201517497039, 0.9995421099182007, 0.5770410222901915, 0.4892101569814429, 0.3882305551822963, 0.3064330365116088, 0.0003666039975517878, 0.00024813060736483475, 0.00018202487239501268, 0.33912464435466905, 0.1619205343747905]
[0.00026629144905994406, 0.000241204070180114, 0.0002399241251480684, 0.0002289450408996574, 0.42278834833574425, 0.000605290075044973, 0.0002651636240337888, 0.00017152788959202332, 0.0003666039975517878, 0.9391029177470009, 0.99963595025521, 0.6605257914686538, 0.837818646315906]
[0.00026629144905994406, 0.000241204070180114, 0.0002399241251480684, 0.0002289450408996574, 0.00017062937406429765, 0.5101845529435121, 0.6115042811936698, 0.6933954355987992, 0.9992667920048965, 0.06064895164563417, 0.00018202487239501268, 0.0003495641766772613, 0.00026081930930355393]

gen_Xbest[12]:
[0.9994674171018801, 0.9995175918596398, 0.9995201517497039, 0.9995421099182007, 0.5770410222901915, 0.4892101569814429, 0.3882305551822963, 0.3064330365116088, 0.0003666039975517878, 0.00024813060736483475, 0.00018202487239501268, 0.33912464435466905, 0.1619205343747905]
[0.00026629144905994406, 0.000241204070180114, 0.0002399241251480684, 0.0002289450408996574, 0.42278834833574425, 0.000605290075044973, 0.0002651636240337888, 0.00017152788959202332, 0.0003666039975517878, 0.9391029177470009, 0.99963595025521, 0.6605257914686538, 0.837818646315906]
[0.00026629144905994406, 0.000241204070180114, 0.0002399241251480684, 0.0002289450408996574, 0.00017062937406429765, 0.5101845529435121, 0.6115042811936698, 0.6933954355987992, 0.9992667920048965, 0.06064895164563417, 0.00018202487239501268, 0.0003495641766772613, 0.00026081930930355393]

gen_Xbest[13]:
[0.9994674171018801, 0.9995175918596398, 0.9995201517497039, 0.9995421099182007, 0.5770410222901915, 0.4892101569814429, 0.3882305551822963, 0.3064330365116088, 0.0003666039975517878, 0.00024813060736483475, 0.00018202487239501268, 0.33912464435466905, 0.1619205343747905]
[0.00026629144905994406, 0.000241204070180114, 0.0002399241251480684, 0.0002289450408996574, 0.42278834833574425, 0.000605290075044973, 0.0002651636240337888, 0.00017152788959202332, 0.0003666039975517878, 0.9391029177470009, 0.99963595025521, 0.6605257914686538, 0.837818646315906]
[0.00026629144905994406, 0.000241204070180114, 0.0002399241251480684, 0.0002289450408996574, 0.00017062937406429765, 0.5101845529435121, 0.6115042811936698, 0.6933954355987992, 0.9992667920048965, 0.06064895164563417, 0.00018202487239501268, 0.0003495641766772613, 0.00026081930930355393]

gen_Xbest[14]:
[0.9994674171018801, 0.9995175918596398, 0.9995201517497039, 0.9995421099182007, 0.5770410222901915, 0.4892101569814429, 0.3882305551822963, 0.3064330365116088, 0.0003666039975517878, 0.00024813060736483475, 0.00018202487239501268, 0.33912464435466905, 0.1619205343747905]
[0.00026629144905994406, 0.000241204070180114, 0.0002399241251480684, 0.0002289450408996574, 0.42278834833574425, 0.000605290075044973, 0.0002651636240337888, 0.00017152788959202332, 0.0003666039975517878, 0.9391029177470009, 0.99963595025521, 0.6605257914686538, 0.837818646315906]
[0.00026629144905994406, 0.000241204070180114, 0.0002399241251480684, 0.0002289450408996574, 0.00017062937406429765, 0.5101845529435121, 0.6115042811936698, 0.6933954355987992, 0.9992667920048965, 0.06064895164563417, 0.00018202487239501268, 0.0003495641766772613, 0.00026081930930355393]

gen_Xbest[15]:
[0.9994674171018801, 0.9995175918596398, 0.9995201517497039, 0.9995421099182007, 0.5770410222901915, 0.4892101569814429, 0.3882305551822963, 0.3064330365116088, 0.0003666039975517878, 0.00024813060736483475, 0.00018202487239501268, 0.33912464435466905, 0.1619205343747905]
[0.00026629144905994406, 0.000241204070180114, 0.0002399241251480684, 0.0002289450408996574, 0.42278834833574425, 0.000605290075044973, 0.0002651636240337888, 0.00017152788959202332, 0.0003666039975517878, 0.9391029177470009, 0.99963595025521, 0.6605257914686538, 0.837818646315906]
[0.00026629144905994406, 0.000241204070180114, 0.0002399241251480684, 0.0002289450408996574, 0.00017062937406429765, 0.5101845529435121, 0.6115042811936698, 0.6933954355987992, 0.9992667920048965, 0.06064895164563417, 0.00018202487239501268, 0.0003495641766772613, 0.00026081930930355393]

gen_Xbest[16]:
[0.9994674171018801, 0.9995175918596398, 0.9995201517497039, 0.9995421099182007, 0.5770410222901915, 0.4892101569814429, 0.3882305551822963, 0.3064330365116088, 0.0003666039975517878, 0.00024813060736483475, 0.00018202487239501268, 0.33912464435466905, 0.1619205343747905]
[0.00026629144905994406, 0.000241204070180114, 0.0002399241251480684, 0.0002289450408996574, 0.42278834833574425, 0.000605290075044973, 0.0002651636240337888, 0.00017152788959202332, 0.0003666039975517878, 0.9391029177470009, 0.99963595025521, 0.6605257914686538, 0.837818646315906]
[0.00026629144905994406, 0.000241204070180114, 0.0002399241251480684, 0.0002289450408996574, 0.00017062937406429765, 0.5101845529435121, 0.6115042811936698, 0.6933954355987992, 0.9992667920048965, 0.06064895164563417, 0.00018202487239501268, 0.0003495641766772613, 0.00026081930930355393]

gen_Xbest[17]:
[0.9994674171018801, 0.9995175918596398, 0.9995201517497039, 0.9995421099182007, 0.5770410222901915, 0.4892101569814429, 0.3882305551822963, 0.3064330365116088, 0.0003666039975517878, 0.00024813060736483475, 0.00018202487239501268, 0.33912464435466905, 0.1619205343747905]
[0.00026629144905994406, 0.000241204070180114, 0.0002399241251480684, 0.0002289450408996574, 0.42278834833574425, 0.000605290075044973, 0.0002651636240337888, 0.00017152788959202332, 0.0003666039975517878, 0.9391029177470009, 0.99963595025521, 0.6605257914686538, 0.837818646315906]
[0.00026629144905994406, 0.000241204070180114, 0.0002399241251480684, 0.0002289450408996574, 0.00017062937406429765, 0.5101845529435121, 0.6115042811936698, 0.6933954355987992, 0.9992667920048965, 0.06064895164563417, 0.00018202487239501268, 0.0003495641766772613, 0.00026081930930355393]

gen_Xbest[18]:
[0.9994674171018801, 0.9995175918596398, 0.9995201517497039, 0.9995421099182007, 0.5770410222901915, 0.4892101569814429, 0.3882305551822963, 0.3064330365116088, 0.0003666039975517878, 0.00024813060736483475, 0.00018202487239501268, 0.33912464435466905, 0.1619205343747905]
[0.00026629144905994406, 0.000241204070180114, 0.0002399241251480684, 0.0002289450408996574, 0.42278834833574425, 0.000605290075044973, 0.0002651636240337888, 0.00017152788959202332, 0.0003666039975517878, 0.9391029177470009, 0.99963595025521, 0.6605257914686538, 0.837818646315906]
[0.00026629144905994406, 0.000241204070180114, 0.0002399241251480684, 0.0002289450408996574, 0.00017062937406429765, 0.5101845529435121, 0.6115042811936698, 0.6933954355987992, 0.9992667920048965, 0.06064895164563417, 0.00018202487239501268, 0.0003495641766772613, 0.00026081930930355393]

gen_Xbest[19]:
[0.9994674171018801, 0.9995175918596398, 0.9995201517497039, 0.9995421099182007, 0.5770410222901915, 0.4892101569814429, 0.3882305551822963, 0.3064330365116088, 0.0003666039975517878, 0.00024813060736483475, 0.00018202487239501268, 0.33912464435466905, 0.1619205343747905]
[0.00026629144905994406, 0.000241204070180114, 0.0002399241251480684, 0.0002289450408996574, 0.42278834833574425, 0.000605290075044973, 0.0002651636240337888, 0.00017152788959202332, 0.0003666039975517878, 0.9391029177470009, 0.99963595025521, 0.6605257914686538, 0.837818646315906]
[0.00026629144905994406, 0.000241204070180114, 0.0002399241251480684, 0.0002289450408996574, 0.00017062937406429765, 0.5101845529435121, 0.6115042811936698, 0.6933954355987992, 0.9992667920048965, 0.06064895164563417, 0.00018202487239501268, 0.0003495641766772613, 0.00026081930930355393]

gen_Xbest[20]:
[0.9994674171018801, 0.9995175918596398, 0.9995201517497039, 0.9995421099182007, 0.5770410222901915, 0.4892101569814429, 0.3882305551822963, 0.3064330365116088, 0.0003666039975517878, 0.00024813060736483475, 0.00018202487239501268, 0.33912464435466905, 0.1619205343747905]
[0.00026629144905994406, 0.000241204070180114, 0.0002399241251480684, 0.0002289450408996574, 0.42278834833574425, 0.000605290075044973, 0.0002651636240337888, 0.00017152788959202332, 0.0003666039975517878, 0.9391029177470009, 0.99963595025521, 0.6605257914686538, 0.837818646315906]
[0.00026629144905994406, 0.000241204070180114, 0.0002399241251480684, 0.0002289450408996574, 0.00017062937406429765, 0.5101845529435121, 0.6115042811936698, 0.6933954355987992, 0.9992667920048965, 0.06064895164563417, 0.00018202487239501268, 0.0003495641766772613, 0.00026081930930355393]

gen_Xbest[21]:
[0.9994674171018801, 0.9995175918596398, 0.9995201517497039, 0.9995421099182007, 0.5770410222901915, 0.4892101569814429, 0.3882305551822963, 0.3064330365116088, 0.0003666039975517878, 0.00024813060736483475, 0.00018202487239501268, 0.33912464435466905, 0.1619205343747905]
[0.00026629144905994406, 0.000241204070180114, 0.0002399241251480684, 0.0002289450408996574, 0.42278834833574425, 0.000605290075044973, 0.0002651636240337888, 0.00017152788959202332, 0.0003666039975517878, 0.9391029177470009, 0.99963595025521, 0.6605257914686538, 0.837818646315906]
[0.00026629144905994406, 0.000241204070180114, 0.0002399241251480684, 0.0002289450408996574, 0.00017062937406429765, 0.5101845529435121, 0.6115042811936698, 0.6933954355987992, 0.9992667920048965, 0.06064895164563417, 0.00018202487239501268, 0.0003495641766772613, 0.00026081930930355393]

gen_Xbest[22]:
[0.9994674171018801, 0.9995175918596398, 0.9995201517497039, 0.9995421099182007, 0.5770410222901915, 0.4892101569814429, 0.3882305551822963, 0.3064330365116088, 0.0003666039975517878, 0.00024813060736483475, 0.00018202487239501268, 0.33912464435466905, 0.1619205343747905]
[0.00026629144905994406, 0.000241204070180114, 0.0002399241251480684, 0.0002289450408996574, 0.42278834833574425, 0.000605290075044973, 0.0002651636240337888, 0.00017152788959202332, 0.0003666039975517878, 0.9391029177470009, 0.99963595025521, 0.6605257914686538, 0.837818646315906]
[0.00026629144905994406, 0.000241204070180114, 0.0002399241251480684, 0.0002289450408996574, 0.00017062937406429765, 0.5101845529435121, 0.6115042811936698, 0.6933954355987992, 0.9992667920048965, 0.06064895164563417, 0.00018202487239501268, 0.0003495641766772613, 0.00026081930930355393]

gen_Xbest[23]:
[0.9994674171018801, 0.9995175918596398, 0.9995201517497039, 0.9995421099182007, 0.5770410222901915, 0.4892101569814429, 0.3882305551822963, 0.3064330365116088, 0.0003666039975517878, 0.00024813060736483475, 0.00018202487239501268, 0.33912464435466905, 0.1619205343747905]
[0.00026629144905994406, 0.000241204070180114, 0.0002399241251480684, 0.0002289450408996574, 0.42278834833574425, 0.000605290075044973, 0.0002651636240337888, 0.00017152788959202332, 0.0003666039975517878, 0.9391029177470009, 0.99963595025521, 0.6605257914686538, 0.837818646315906]
[0.00026629144905994406, 0.000241204070180114, 0.0002399241251480684, 0.0002289450408996574, 0.00017062937406429765, 0.5101845529435121, 0.6115042811936698, 0.6933954355987992, 0.9992667920048965, 0.06064895164563417, 0.00018202487239501268, 0.0003495641766772613, 0.00026081930930355393]

gen_Xbest[24]:
[0.9994674171018801, 0.9995175918596398, 0.9995201517497039, 0.9995421099182007, 0.5770410222901915, 0.4892101569814429, 0.3882305551822963, 0.3064330365116088, 0.0003666039975517878, 0.00024813060736483475, 0.00018202487239501268, 0.33912464435466905, 0.1619205343747905]
[0.00026629144905994406, 0.000241204070180114, 0.0002399241251480684, 0.0002289450408996574, 0.42278834833574425, 0.000605290075044973, 0.0002651636240337888, 0.00017152788959202332, 0.0003666039975517878, 0.9391029177470009, 0.99963595025521, 0.6605257914686538, 0.837818646315906]
[0.00026629144905994406, 0.000241204070180114, 0.0002399241251480684, 0.0002289450408996574, 0.00017062937406429765, 0.5101845529435121, 0.6115042811936698, 0.6933954355987992, 0.9992667920048965, 0.06064895164563417, 0.00018202487239501268, 0.0003495641766772613, 0.00026081930930355393]

gen_Xbest[25]:
[0.9994674171018801, 0.9995175918596398, 0.9995201517497039, 0.9995421099182007, 0.5770410222901915, 0.4892101569814429, 0.3882305551822963, 0.3064330365116088, 0.0003666039975517878, 0.00024813060736483475, 0.00018202487239501268, 0.33912464435466905, 0.1619205343747905]
[0.00026629144905994406, 0.000241204070180114, 0.0002399241251480684, 0.0002289450408996574, 0.42278834833574425, 0.000605290075044973, 0.0002651636240337888, 0.00017152788959202332, 0.0003666039975517878, 0.9391029177470009, 0.99963595025521, 0.6605257914686538, 0.837818646315906]
[0.00026629144905994406, 0.000241204070180114, 0.0002399241251480684, 0.0002289450408996574, 0.00017062937406429765, 0.5101845529435121, 0.6115042811936698, 0.6933954355987992, 0.9992667920048965, 0.06064895164563417, 0.00018202487239501268, 0.0003495641766772613, 0.00026081930930355393]

gen_Xbest[26]:
[0.9994674171018801, 0.9995175918596398, 0.9995201517497039, 0.9995421099182007, 0.5770410222901915, 0.4892101569814429, 0.3882305551822963, 0.3064330365116088, 0.0003666039975517878, 0.00024813060736483475, 0.00018202487239501268, 0.33912464435466905, 0.1619205343747905]
[0.00026629144905994406, 0.000241204070180114, 0.0002399241251480684, 0.0002289450408996574, 0.42278834833574425, 0.000605290075044973, 0.0002651636240337888, 0.00017152788959202332, 0.0003666039975517878, 0.9391029177470009, 0.99963595025521, 0.6605257914686538, 0.837818646315906]
[0.00026629144905994406, 0.000241204070180114, 0.0002399241251480684, 0.0002289450408996574, 0.00017062937406429765, 0.5101845529435121, 0.6115042811936698, 0.6933954355987992, 0.9992667920048965, 0.06064895164563417, 0.00018202487239501268, 0.0003495641766772613, 0.00026081930930355393]

gen_Xbest[27]:
[0.9994674171018801, 0.9995175918596398, 0.9995201517497039, 0.9995421099182007, 0.5770410222901915, 0.4892101569814429, 0.3882305551822963, 0.3064330365116088, 0.0003666039975517878, 0.00024813060736483475, 0.00018202487239501268, 0.33912464435466905, 0.1619205343747905]
[0.00026629144905994406, 0.000241204070180114, 0.0002399241251480684, 0.0002289450408996574, 0.42278834833574425, 0.000605290075044973, 0.0002651636240337888, 0.00017152788959202332, 0.0003666039975517878, 0.9391029177470009, 0.99963595025521, 0.6605257914686538, 0.837818646315906]
[0.00026629144905994406, 0.000241204070180114, 0.0002399241251480684, 0.0002289450408996574, 0.00017062937406429765, 0.5101845529435121, 0.6115042811936698, 0.6933954355987992, 0.9992667920048965, 0.06064895164563417, 0.00018202487239501268, 0.0003495641766772613, 0.00026081930930355393]

gen_Xbest[28]:
[0.9994674171018801, 0.9995175918596398, 0.9995201517497039, 0.9995421099182007, 0.5770410222901915, 0.4892101569814429, 0.3882305551822963, 0.3064330365116088, 0.0003666039975517878, 0.00024813060736483475, 0.00018202487239501268, 0.33912464435466905, 0.1619205343747905]
[0.00026629144905994406, 0.000241204070180114, 0.0002399241251480684, 0.0002289450408996574, 0.42278834833574425, 0.000605290075044973, 0.0002651636240337888, 0.00017152788959202332, 0.0003666039975517878, 0.9391029177470009, 0.99963595025521, 0.6605257914686538, 0.837818646315906]
[0.00026629144905994406, 0.000241204070180114, 0.0002399241251480684, 0.0002289450408996574, 0.00017062937406429765, 0.5101845529435121, 0.6115042811936698, 0.6933954355987992, 0.9992667920048965, 0.06064895164563417, 0.00018202487239501268, 0.0003495641766772613, 0.00026081930930355393]

gen_Xbest[29]:
[0.9994674171018801, 0.9995175918596398, 0.9995201517497039, 0.9995421099182007, 0.5770410222901915, 0.4892101569814429, 0.3882305551822963, 0.3064330365116088, 0.0003666039975517878, 0.00024813060736483475, 0.00018202487239501268, 0.33912464435466905, 0.1619205343747905]
[0.00026629144905994406, 0.000241204070180114, 0.0002399241251480684, 0.0002289450408996574, 0.42278834833574425, 0.000605290075044973, 0.0002651636240337888, 0.00017152788959202332, 0.0003666039975517878, 0.9391029177470009, 0.99963595025521, 0.6605257914686538, 0.837818646315906]
[0.00026629144905994406, 0.000241204070180114, 0.0002399241251480684, 0.0002289450408996574, 0.00017062937406429765, 0.5101845529435121, 0.6115042811936698, 0.6933954355987992, 0.9992667920048965, 0.06064895164563417, 0.00018202487239501268, 0.0003495641766772613, 0.00026081930930355393]

