0 1 7
0 2 5
1 2 4
0 3 5
1 3 4
2 3 4
0 4 2
0 5 2
0 6 2
4 6 1
5 6 2
0 7 3
1 7 3
2 7 3
3 7 3
0 8 1
2 8 2
2 9 0
0 10 2
4 10 1
5 10 1
0 11 0
0 12 1
3 12 1
0 13 3
1 13 3
2 13 3
3 13 3
5 16 1
6 16 1
0 17 1
1 17 1
0 19 1
1 19 1
0 21 1
1 21 1
23 25 0
24 25 1
2 27 0
23 27 1
24 27 0
2 28 0
23 29 2
26 29 1
1 30 0
8 30 2
0 31 0
24 31 1
25 31 1
28 31 1
2 32 1
8 32 3
14 32 1
15 32 1
18 32 1
20 32 1
22 32 1
23 32 2
29 32 2
30 32 2
31 32 1
8 33 2
9 33 0
13 33 0
14 33 1
15 33 1
18 33 1
19 33 0
20 33 1
22 33 1
23 33 3
26 33 1
27 33 1
28 33 1
29 33 3
30 33 2
31 33 2
32 33 10
