## 原始
1.0,1.0,1.0,1.0,0.5058,0.0,0.0,0.0,0.0,0.0,0.0,0.0,0.0
0.0,0.0,0.0,0.0,0.4942,1.0,1.0,1.0,0.5744,0.0,0.0,0.0,0.0
0.0,0.0,0.0,0.0,0.0,0.0,0.0,0.0,0.4256,1.0,1.0,1.0,1.0
fit= 0.4407

## 改变1
1.0,1.0,1.0,1.0,0.5126,0.0,0.0,0.0,0.0,0.0,0.0,0.0,0.0
0.0,0.0,0.0,0.0,0.4874,1.0,1.0,1.0,0.643,0.0,0.0,0.0,0.0
0.0,0.0,0.0,0.0,0.0,0.0,0.0,0.0,0.3563,1.0,1.0,1.0,1.0
fit= 0.4405623

## 改变2
1.0,1.0,1.0,1.0,0.5112,0.0,0.0,0.0,0.0,0.0,0.0,0.0,0.0
0.0,0.0,0.0,0.0,0.4888,1.0,1.0,1.0,0.6493,0.0,0.0,0.0,0.0
0.0,0.0,0.0,0.0,0.0,0.0,0.0,0.0,0.3507,1.0,1.0,1.0,1.0
fit= 0.440565

## 改变3
1.0,1.0,1.0,1.0,0.5084,0.0,0.0,0.0,0.0,0.0,0.0,0.0,0.0
0.0,0.0,0.0,0.0,0.4916,1.0,1.0,1.0,0.6498,0.0,0.0,0.0,0.0
0.0,0.0,0.0,0.0,0.0,0.0,0.0,0.0,0.3502,1.0,1.0,1.0,1.0
fit= 0.440572