1	32 
2	12 
3	15 
4	35 
5	8 
6	33 
7	14 
8	39 
9	28 
10	41 
11	30 
12	23 
13	32 
14	24 
15	24 
16	15 
17	41 
18	14 
19	21 
20	12 
21	32 
22	23 
23	14 
24	40 
25	25 
26	12 
27	14 
28	6 
29	41 
30	30 
31	23 
32	5 
33	29 
34	31 
35	25 
36	41 
37	16 
38	1 
39	16 
40	8 
41	14 
42	42 
43	12 
44	16 
45	16 
46	17 
47	23 
48	27 
49	6 
50	27 
51	6 
52	12 
53	17 
54	41 
55	15 
56	26 
57	38 
58	12 
59	18 
60	6 
61	28 
62	23 
63	42 
64	41 
65	37 
66	23 
67	4 
68	14 
69	27 
70	27 
71	32 
72	14 
73	13 
74	25 
75	14 
76	23 
77	29 
78	6 
79	14 
80	23 
81	1 
82	12 
83	15 
84	5 
85	41 
86	19 
87	12 
88	38 
89	34 
90	15 
91	32 
92	41 
93	20 
94	7 
95	41 
96	17 
97	6 
98	29 
99	14 
100	24 
101	6 
102	12 
103	39 
104	13 
105	23 
106	15 
107	31 
108	9 
109	35 
110	37 
111	18 
112	26 
113	41 
114	45 
115	31 
116	18 
117	27 
118	45 
119	24 
120	43 
121	7 
122	42 
123	13 
124	34 
125	4 
126	30 
127	44 
128	38 
129	38 
130	18 
131	26 
132	26 
133	8 
134	11 
135	16 
136	8 
137	39 
138	37 
139	27 
140	34 
141	37 
142	27 
143	3 
144	24 
145	19 
146	1 
147	9 
148	5 
149	8 
150	28 
151	39 
152	31 
153	13 
154	30 
155	15 
156	20 
157	37 
158	40 
159	20 
160	4 
161	27 
162	20 
163	35 
164	18 
165	6 
166	15 
167	8 
168	7 
169	42 
170	31 
171	8 
172	42 
173	9 
174	30 
175	12 
176	15 
177	6 
178	31 
179	6 
180	20 
181	38 
182	13 
183	30 
184	36 
185	28 
186	23 
187	5 
188	19 
189	8 
190	27 
191	26 
192	35 
193	15 
194	15 
195	27 
196	29 
197	6 
198	5 
199	13 
200	26 
201	13 
202	7 
203	36 
204	37 
205	1 
206	36 
207	19 
208	37 
209	13 
210	33 
211	16 
212	44 
213	34 
214	43 
215	39 
216	26 
217	19 
218	31 
219	9 
220	18 
221	27 
222	24 
223	26 
224	36 
225	45 
226	40 
227	4 
228	37 
229	32 
230	24 
231	4 
232	20 
233	7 
234	42 
235	35 
236	20 
237	38 
238	40 
239	32 
240	10 
241	7 
242	18 
243	21 
244	40 
245	35 
246	44 
247	30 
248	20 
249	38 
250	30 
251	13 
252	32 
253	38 
254	33 
255	24 
256	39 
257	26 
258	19 
259	17 
260	31 
261	40 
262	40 
263	26 
264	4 
265	10 
266	11 
267	31 
268	2 
269	21 
270	43 
271	2 
272	24 
273	34 
274	33 
275	38 
276	26 
277	30 
278	45 
279	7 
280	21 
281	34 
282	13 
283	28 
284	8 
285	4 
286	2 
287	19 
288	45 
289	37 
290	39 
291	37 
292	24 
293	16 
294	3 
295	20 
296	1 
297	26 
298	2 
299	30 
300	30 
301	30 
302	29 
303	32 
304	32 
305	21 
306	37 
307	32 
308	8 
309	8 
310	4 
311	44 
312	31 
313	37 
314	30 
315	8 
316	43 
317	17 
318	25 
319	36 
320	44 
321	36 
322	1 
323	8 
324	1 
325	28 
326	3 
327	17 
328	43 
329	31 
330	29 
331	35 
332	40 
333	24 
334	5 
335	10 
336	19 
337	34 
338	44 
339	43 
340	38 
341	37 
342	5 
343	31 
344	29 
345	5 
346	25 
347	20 
348	4 
349	42 
350	43 
351	35 
352	19 
353	9 
354	40 
355	35 
356	34 
357	31 
358	18 
359	10 
360	21 
361	46 
362	9 
363	5 
364	22 
365	46 
366	38 
367	28 
368	17 
369	5 
370	13 
371	7 
372	19 
373	20 
374	35 
375	3 
376	18 
377	39 
378	18 
379	9 
380	20 
381	4 
382	21 
383	20 
384	9 
385	25 
386	2 
387	5 
388	24 
389	38 
390	39 
391	9 
392	32 
393	38 
394	24 
395	7 
396	32 
397	28 
398	32 
399	34 
400	29 
401	5 
402	40 
403	1 
404	33 
405	35 
406	16 
407	28 
408	36 
409	16 
410	34 
411	7 
412	9 
413	42 
414	9 
415	20 
416	35 
417	11 
418	21 
419	35 
420	33 
421	13 
422	19 
423	19 
424	16 
425	40 
426	43 
427	19 
428	3 
429	18 
430	40 
431	42 
432	40 
433	13 
434	44 
435	13 
436	16 
437	42 
438	46 
439	34 
440	17 
441	34 
442	43 
443	42 
444	25 
445	42 
446	21 
447	4 
448	39 
449	21 
450	5 
451	9 
452	5 
453	10 
454	39 
455	18 
456	9 
457	4 
458	45 
459	46 
460	1 
461	11 
462	4 
463	16 
464	19 
465	45 
466	16 
467	22 
468	44 
469	33 
470	1 
471	34 
472	28 
473	3 
474	28 
475	17 
476	3 
477	3 
478	9 
479	36 
480	10 
481	29 
482	5 
483	7 
484	25 
485	16 
486	11 
487	21 
488	16 
489	28 
490	29 
491	19 
492	9 
493	4 
494	39 
495	1 
496	4 
497	1 
498	39 
499	22 
500	45 
501	7 
502	10 
503	21 
504	40 
505	39 
506	39 
507	42 
508	43 
509	42 
510	46 
511	25 
512	21 
513	43 
514	10 
515	25 
516	10 
517	34 
518	35 
519	39 
520	44 
521	18 
522	18 
523	42 
524	35 
525	1 
526	33 
527	44 
528	7 
529	34 
530	21 
531	45 
532	36 
533	7 
534	46 
535	19 
536	11 
537	44 
538	4 
539	29 
540	21 
541	22 
542	16 
543	29 
544	42 
545	3 
546	43 
547	39 
548	36 
549	45 
550	33 
551	22 
552	44 
553	3 
554	10 
555	35 
556	18 
557	44 
558	33 
559	33 
560	28 
561	3 
562	3 
563	43 
564	16 
565	7 
566	17 
567	35 
568	1 
569	7 
570	1 
571	42 
572	45 
573	21 
574	45 
575	46 
576	34 
577	10 
578	25 
579	1 
580	1 
581	29 
582	39 
583	44 
584	18 
585	10 
586	42 
587	22 
588	28 
589	25 
590	28 
591	44 
592	18 
593	43 
594	17 
595	7 
596	1 
597	3 
598	33 
599	18 
600	29 
601	44 
602	34 
603	45 
604	34 
605	45 
606	40 
607	3 
608	42 
609	22 
610	44 
611	34 
612	7 
613	33 
614	43 
615	17 
616	33 
617	2 
618	29 
619	2 
620	25 
621	17 
622	10 
623	45 
624	29 
625	29 
626	25 
627	18 
628	34 
629	28 
630	10 
631	43 
632	46 
633	45 
634	11 
635	43 
636	2 
637	43 
638	33 
639	3 
640	18 
641	21 
642	45 
643	22 
644	28 
645	11 
646	36 
647	36 
648	44 
649	29 
650	17 
651	22 
652	21 
653	25 
654	46 
655	36 
656	46 
657	10 
658	3 
659	33 
660	7 
661	46 
662	11 
663	28 
664	34 
665	10 
666	45 
667	43 
668	21 
669	33 
670	36 
671	40 
672	45 
673	28 
674	43 
675	42 
676	28 
677	33 
678	21 
679	7 
680	2 
681	40 
682	44 
683	17 
684	46 
685	7 
686	17 
687	43 
688	25 
689	36 
690	45 
691	33 
692	42 
693	40 
694	40 
695	36 
696	10 
697	44 
698	11 
699	22 
700	25 
701	22 
702	22 
703	40 
704	22 
705	11 
706	45 
707	25 
708	46 
709	44 
710	2 
711	28 
712	25 
713	45 
714	46 
715	43 
716	10 
717	21 
718	40 
719	40 
720	10 
721	2 
722	22 
723	46 
724	10 
725	25 
726	11 
727	44 
728	42 
729	42 
730	10 
731	45 
732	22 
733	45 
734	46 
735	40 
736	7 
737	7 
738	3 
739	21 
740	33 
741	46 
742	3 
743	11 
744	7 
745	7 
746	46 
747	42 
748	17 
749	29 
750	33 
751	22 
752	36 
753	29 
754	2 
755	33 
756	25 
757	3 
758	33 
759	11 
760	7 
761	3 
762	17 
763	29 
764	10 
765	22 
766	25 
767	25 
768	29 
769	44 
770	45 
771	11 
772	21 
773	2 
774	44 
775	21 
776	42 
777	46 
778	33 
779	11 
780	21 
781	46 
782	25 
783	22 
784	29 
785	10 
786	22 
787	2 
788	17 
789	46 
790	21 
791	22 
792	25 
793	17 
794	22 
795	10 
796	25 
797	33 
798	42 
799	10 
800	10 
801	44 
802	29 
803	10 
804	2 
805	2 
806	22 
807	3 
808	7 
809	3 
810	11 
811	36 
812	33 
813	44 
814	11 
815	11 
816	10 
817	17 
818	17 
819	11 
820	17 
821	29 
822	44 
823	17 
824	3 
825	29 
826	21 
827	7 
828	33 
829	3 
830	3 
831	10 
832	21 
833	33 
834	3 
835	36 
836	3 
837	29 
838	44 
839	29 
840	17 
841	46 
842	29 
843	33 
844	22 
845	3 
846	46 
847	44 
848	10 
849	17 
850	21 
851	46 
852	36 
853	22 
854	11 
855	22 
856	21 
857	46 
858	22 
859	11 
860	11 
861	29 
862	21 
863	17 
864	2 
865	46 
866	22 
867	29 
868	36 
869	11 
870	17 
871	11 
872	46 
873	21 
874	11 
875	11 
876	36 
877	21 
878	22 
879	46 
880	46 
881	17 
882	2 
883	22 
884	22 
885	36 
886	36 
887	2 
888	46 
889	36 
890	22 
891	11 
892	36 
893	36 
894	22 
895	46 
896	46 
897	22 
898	17 
899	22 
900	36 
901	17 
902	2 
903	2 
904	36 
905	17 
906	2 
907	46 
908	46 
909	17 
910	17 
911	22 
912	17 
913	36 
914	46 
915	11 
916	2 
917	22 
918	46 
919	11 
920	2 
921	46 
922	11 
923	17 
924	11 
925	22 
926	17 
927	2 
928	36 
929	11 
930	2 
931	2 
932	2 
933	36 
934	2 
935	46 
936	2 
937	2 
938	22 
939	17 
940	36 
941	36 
942	17 
943	11 
944	11 
945	2 
946	17 
947	22 
948	46 
949	11 
950	2 
951	22 
952	22 
953	46 
954	11 
955	2 
956	17 
957	46 
958	17 
959	36 
960	11 
961	2 
962	11 
963	36 
964	2 
965	46 
966	11 
967	2 
968	2 
969	2 
970	11 
971	36 
972	11 
973	36 
974	11 
975	36 
976	11 
977	36 
978	17 
979	2 
980	2 
981	36 
982	17 
983	36 
984	2 
985	2 
986	36 
987	11 
988	2 
989	36 
990	2 
991	36 
992	2 
993	2 
994	17 
995	17 
996	2 
997	2 
998	2 
999	2 
1000	17 
