1	14 
2	15 
3	9 
4	40 
5	11 
6	30 
7	41 
8	29 
9	1 
10	29 
11	17 
12	17 
13	29 
14	30 
15	20 
16	14 
17	20 
18	35 
19	25 
20	3 
21	6 
22	4 
23	29 
24	12 
25	41 
26	13 
27	12 
28	35 
29	32 
30	15 
31	14 
32	17 
33	23 
34	21 
35	26 
36	36 
37	4 
38	17 
39	39 
40	33 
41	15 
42	19 
43	10 
44	18 
45	35 
46	6 
47	37 
48	25 
49	24 
50	41 
51	29 
52	35 
53	3 
54	5 
55	36 
56	29 
57	36 
58	4 
59	30 
60	4 
61	7 
62	9 
63	26 
64	20 
65	6 
66	30 
67	10 
68	33 
69	22 
70	28 
71	14 
72	25 
73	38 
74	17 
75	41 
76	29 
77	41 
78	5 
79	8 
80	20 
81	2 
82	5 
83	1 
84	32 
85	14 
86	41 
87	17 
88	8 
89	39 
90	37 
91	3 
92	12 
93	36 
94	39 
95	5 
96	40 
97	12 
98	5 
99	8 
100	38 
101	29 
102	7 
103	17 
104	3 
105	9 
106	35 
107	17 
108	8 
109	24 
110	30 
111	14 
112	1 
113	33 
114	20 
115	26 
116	36 
117	8 
118	8 
119	18 
120	35 
121	36 
122	21 
123	35 
124	33 
125	12 
126	31 
127	30 
128	5 
129	14 
130	26 
131	3 
132	20 
133	11 
134	41 
135	32 
136	7 
137	28 
138	19 
139	36 
140	4 
141	5 
142	9 
143	10 
144	35 
145	1 
146	11 
147	36 
148	3 
149	33 
150	5 
151	29 
152	17 
153	20 
154	5 
155	14 
156	17 
157	24 
158	18 
159	31 
160	3 
161	7 
162	33 
163	36 
164	18 
165	18 
166	17 
167	26 
168	8 
169	33 
170	14 
171	35 
172	4 
173	32 
174	14 
175	19 
176	33 
177	5 
178	38 
179	17 
180	16 
181	6 
182	22 
183	38 
184	35 
185	24 
186	11 
187	35 
188	14 
189	16 
190	39 
191	25 
192	18 
193	32 
194	25 
195	29 
196	35 
197	17 
198	26 
199	5 
200	38 
201	35 
202	36 
203	35 
204	18 
205	5 
206	32 
207	18 
208	11 
209	38 
210	19 
211	35 
212	29 
213	19 
214	23 
215	41 
216	14 
217	13 
218	14 
219	20 
220	14 
221	8 
222	20 
223	20 
224	32 
225	16 
226	25 
227	15 
228	35 
229	2 
230	8 
231	41 
232	38 
233	24 
234	24 
235	11 
236	20 
237	37 
238	33 
239	28 
240	1 
241	4 
242	5 
243	24 
244	3 
245	5 
246	29 
247	33 
248	35 
249	15 
250	27 
251	18 
252	35 
253	38 
254	14 
255	14 
256	14 
257	5 
258	33 
259	14 
260	25 
261	25 
262	14 
263	36 
264	3 
265	38 
266	37 
267	39 
268	39 
269	32 
270	28 
271	17 
272	14 
273	25 
274	21 
275	16 
276	41 
277	25 
278	2 
279	10 
280	20 
281	38 
282	12 
283	6 
284	24 
285	25 
286	4 
287	29 
288	26 
289	16 
290	15 
291	15 
292	22 
293	15 
294	23 
295	29 
296	37 
297	25 
298	30 
299	2 
300	35 
301	20 
302	5 
303	40 
304	29 
305	33 
306	40 
307	12 
308	15 
309	20 
310	36 
311	41 
312	8 
313	25 
314	19 
315	27 
316	25 
317	35 
318	7 
319	17 
320	16 
321	41 
322	1 
323	21 
324	37 
325	19 
326	31 
327	12 
328	6 
329	34 
330	24 
331	38 
332	40 
333	8 
334	24 
335	37 
336	5 
337	29 
338	27 
339	38 
340	8 
341	2 
342	27 
343	34 
344	36 
345	21 
346	5 
347	21 
348	4 
349	22 
350	23 
351	6 
352	10 
353	38 
354	2 
355	30 
356	31 
357	3 
358	29 
359	41 
360	16 
361	28 
362	1 
363	12 
364	25 
365	22 
366	25 
367	6 
368	38 
369	10 
370	30 
371	14 
372	3 
373	14 
374	6 
375	8 
376	33 
377	40 
378	20 
379	22 
380	35 
381	3 
382	34 
383	16 
384	40 
385	25 
386	16 
387	30 
388	24 
389	38 
390	14 
391	27 
392	41 
393	13 
394	3 
395	35 
396	18 
397	37 
398	37 
399	20 
400	13 
401	24 
402	16 
403	6 
404	33 
405	2 
406	7 
407	39 
408	20 
409	31 
410	24 
411	6 
412	16 
413	12 
414	15 
415	2 
416	35 
417	13 
418	8 
419	5 
420	34 
421	5 
422	41 
423	7 
424	27 
425	33 
426	20 
427	5 
428	11 
429	6 
430	27 
431	32 
432	9 
433	6 
434	8 
435	19 
436	18 
437	32 
438	18 
439	18 
440	7 
441	8 
442	29 
443	18 
444	25 
445	14 
446	19 
447	19 
448	21 
449	29 
450	29 
451	18 
452	37 
453	39 
454	24 
455	5 
456	21 
457	36 
458	9 
459	4 
460	17 
461	17 
462	40 
463	12 
464	15 
465	14 
466	17 
467	31 
468	1 
469	33 
470	41 
471	8 
472	30 
473	26 
474	17 
475	4 
476	24 
477	18 
478	33 
479	39 
480	25 
481	30 
482	16 
483	9 
484	5 
485	31 
486	6 
487	9 
488	38 
489	3 
490	11 
491	26 
492	9 
493	38 
494	35 
495	21 
496	21 
497	39 
498	33 
499	11 
500	28 
501	13 
502	24 
503	41 
504	20 
505	13 
506	23 
507	6 
508	2 
509	31 
510	5 
511	6 
512	35 
513	8 
514	31 
515	17 
516	30 
517	7 
518	18 
519	12 
520	8 
521	4 
522	4 
523	8 
524	35 
525	5 
526	30 
527	10 
528	29 
529	32 
530	25 
531	13 
532	15 
533	17 
534	35 
535	41 
536	15 
537	35 
538	34 
539	23 
540	22 
541	8 
542	8 
543	19 
544	35 
545	37 
546	1 
547	25 
548	14 
549	20 
550	34 
551	22 
552	3 
553	2 
554	27 
555	40 
556	30 
557	8 
558	14 
559	20 
560	38 
561	38 
562	5 
563	33 
564	5 
565	18 
566	14 
567	31 
568	38 
569	18 
570	5 
571	32 
572	20 
573	8 
574	6 
575	5 
576	22 
577	35 
578	6 
579	8 
580	19 
581	14 
582	8 
583	29 
584	8 
585	6 
586	1 
587	14 
588	7 
589	9 
590	27 
591	14 
592	34 
593	34 
594	37 
595	39 
596	7 
597	33 
598	33 
599	39 
600	33 
601	17 
602	38 
603	41 
604	5 
605	12 
606	8 
607	21 
608	21 
609	23 
610	35 
611	20 
612	5 
613	32 
614	33 
615	1 
616	28 
617	8 
618	8 
619	25 
620	24 
621	25 
622	8 
623	35 
624	34 
625	2 
626	16 
627	4 
628	11 
629	1 
630	40 
631	17 
632	8 
633	17 
634	14 
635	19 
636	36 
637	27 
638	33 
639	9 
640	17 
641	3 
642	16 
643	41 
644	38 
645	14 
646	7 
647	8 
648	36 
649	36 
650	29 
651	39 
652	19 
653	7 
654	12 
655	20 
656	8 
657	30 
658	5 
659	7 
660	34 
661	30 
662	29 
663	35 
664	30 
665	2 
666	27 
667	31 
668	5 
669	8 
670	20 
671	2 
672	4 
673	4 
674	22 
675	14 
676	31 
677	14 
678	1 
679	15 
680	14 
681	23 
682	13 
683	23 
684	6 
685	39 
686	26 
687	22 
688	14 
689	18 
690	13 
691	13 
692	9 
693	39 
694	17 
695	14 
696	8 
697	28 
698	6 
699	25 
700	34 
701	40 
702	38 
703	23 
704	38 
705	12 
706	6 
707	6 
708	7 
709	24 
710	41 
711	36 
712	6 
713	14 
714	30 
715	19 
716	11 
717	7 
718	17 
719	27 
720	38 
721	19 
722	31 
723	39 
724	9 
725	35 
726	28 
727	18 
728	8 
729	22 
730	15 
731	41 
732	8 
733	10 
734	2 
735	41 
736	15 
737	38 
738	41 
739	31 
740	36 
741	24 
742	17 
743	29 
744	29 
745	30 
746	8 
747	32 
748	7 
749	28 
750	13 
751	18 
752	32 
753	10 
754	1 
755	16 
756	15 
757	17 
758	6 
759	3 
760	21 
761	36 
762	10 
763	26 
764	17 
765	29 
766	9 
767	41 
768	30 
769	18 
770	34 
771	28 
772	38 
773	10 
774	38 
775	30 
776	17 
777	17 
778	1 
779	29 
780	10 
781	38 
782	28 
783	31 
784	37 
785	22 
786	41 
787	10 
788	16 
789	30 
790	5 
791	24 
792	41 
793	38 
794	5 
795	39 
796	28 
797	37 
798	8 
799	19 
800	8 
801	28 
802	8 
803	1 
804	41 
805	14 
806	34 
807	29 
808	33 
809	41 
810	24 
811	16 
812	32 
813	15 
814	4 
815	1 
816	29 
817	4 
818	1 
819	8 
820	27 
821	33 
822	33 
823	5 
824	29 
825	19 
826	5 
827	24 
828	38 
829	10 
830	6 
831	35 
832	32 
833	41 
834	25 
835	29 
836	18 
837	4 
838	2 
839	25 
840	33 
841	32 
842	27 
843	33 
844	19 
845	41 
846	19 
847	33 
848	41 
849	2 
850	19 
851	20 
852	22 
853	15 
854	14 
855	36 
856	17 
857	1 
858	33 
859	5 
860	4 
861	32 
862	14 
863	6 
864	41 
865	39 
866	32 
867	16 
868	19 
869	16 
870	38 
871	18 
872	33 
873	35 
874	30 
875	16 
876	35 
877	29 
878	41 
879	27 
880	22 
881	38 
882	12 
883	8 
884	6 
885	38 
886	35 
887	18 
888	29 
889	27 
890	1 
891	32 
892	41 
893	29 
894	14 
895	9 
896	22 
897	17 
898	35 
899	20 
900	31 
901	32 
902	3 
903	17 
904	5 
905	17 
906	1 
907	33 
908	4 
909	33 
910	9 
911	41 
912	1 
913	14 
914	16 
915	8 
916	17 
917	33 
918	29 
919	4 
920	7 
921	18 
922	17 
923	16 
924	16 
925	8 
926	36 
927	39 
928	20 
929	12 
930	18 
931	38 
932	7 
933	6 
934	25 
935	39 
936	5 
937	6 
938	7 
939	9 
940	8 
941	6 
942	4 
943	6 
944	39 
945	9 
946	8 
947	35 
948	16 
949	31 
950	20 
951	19 
952	32 
953	1 
954	36 
955	17 
956	31 
957	30 
958	6 
959	9 
960	36 
961	35 
962	18 
963	8 
964	36 
965	18 
966	30 
967	20 
968	19 
969	41 
970	20 
971	3 
972	20 
973	31 
974	29 
975	32 
976	14 
977	35 
978	20 
979	17 
980	36 
981	30 
982	20 
983	41 
984	4 
985	17 
986	31 
987	31 
988	8 
989	5 
990	5 
991	36 
992	14 
993	36 
994	31 
995	30 
996	5 
997	35 
998	6 
999	17 
1000	29 
