1	38 
2	12 
3	14 
4	12 
5	8 
6	41 
7	15 
8	34 
9	6 
10	38 
11	18 
12	12 
13	23 
14	21 
15	17 
16	21 
17	7 
18	8 
19	18 
20	22 
21	35 
22	22 
23	35 
24	18 
25	31 
26	32 
27	27 
28	18 
29	22 
30	15 
31	15 
32	35 
33	23 
34	30 
35	32 
36	2 
37	23 
38	19 
39	41 
40	1 
41	5 
42	28 
43	26 
44	21 
45	34 
46	25 
47	35 
48	23 
49	30 
50	13 
51	40 
52	30 
53	9 
54	12 
55	30 
56	36 
57	23 
58	19 
59	27 
60	17 
61	30 
62	16 
63	1 
64	32 
65	5 
66	25 
67	20 
68	5 
69	3 
70	23 
71	28 
72	37 
73	40 
74	23 
75	19 
76	29 
77	20 
78	39 
79	11 
80	23 
81	18 
82	33 
83	3 
84	37 
85	23 
86	3 
87	28 
88	23 
89	14 
90	33 
91	4 
92	10 
93	25 
94	5 
95	30 
96	22 
97	13 
98	24 
99	21 
100	3 
101	26 
102	4 
103	41 
104	10 
105	28 
106	17 
107	7 
108	12 
109	7 
110	6 
111	17 
112	19 
113	35 
114	23 
115	8 
116	7 
117	41 
118	40 
119	30 
120	16 
121	4 
122	21 
123	28 
124	14 
125	25 
126	19 
127	7 
128	31 
129	19 
130	20 
131	9 
132	18 
133	30 
134	21 
135	29 
136	34 
137	25 
138	23 
139	37 
140	8 
141	21 
142	1 
143	35 
144	17 
145	36 
146	16 
147	1 
148	32 
149	4 
150	8 
151	11 
152	34 
153	28 
154	31 
155	8 
156	38 
157	23 
158	6 
159	4 
160	35 
161	30 
162	31 
163	30 
164	19 
165	25 
166	28 
167	12 
168	12 
169	21 
170	8 
171	41 
172	8 
173	19 
174	12 
175	8 
176	24 
177	34 
178	6 
179	32 
180	32 
181	25 
182	1 
183	3 
184	13 
185	31 
186	8 
187	37 
188	32 
189	12 
190	9 
191	7 
192	12 
193	20 
194	6 
195	38 
196	18 
197	19 
198	36 
199	19 
200	40 
201	12 
202	32 
203	33 
204	9 
205	23 
206	5 
207	30 
208	9 
209	24 
210	33 
211	23 
212	40 
213	6 
214	9 
215	6 
216	39 
217	30 
218	15 
219	15 
220	21 
221	24 
222	29 
223	30 
224	5 
225	3 
226	3 
227	37 
228	8 
229	22 
230	25 
231	25 
232	34 
233	39 
234	29 
235	2 
236	2 
237	23 
238	12 
239	20 
240	20 
241	5 
242	22 
243	1 
244	5 
245	5 
246	35 
247	35 
248	13 
249	37 
250	13 
251	26 
252	30 
253	31 
254	39 
255	5 
256	28 
257	28 
258	38 
259	6 
260	1 
261	32 
262	31 
263	19 
264	39 
265	6 
266	8 
267	23 
268	26 
269	16 
270	32 
271	9 
272	12 
273	22 
274	13 
275	33 
276	6 
277	32 
278	15 
279	12 
280	32 
281	26 
282	17 
283	31 
284	23 
285	34 
286	12 
287	12 
288	41 
289	19 
290	11 
291	5 
292	13 
293	8 
294	20 
295	22 
296	23 
297	18 
298	5 
299	18 
300	22 
301	20 
302	30 
303	20 
304	37 
305	36 
306	22 
307	21 
308	16 
309	41 
310	30 
311	20 
312	22 
313	27 
314	24 
315	33 
316	27 
317	35 
318	7 
319	19 
320	11 
321	38 
322	6 
323	19 
324	10 
325	1 
326	8 
327	4 
328	26 
329	12 
330	32 
331	20 
332	20 
333	26 
334	36 
335	3 
336	26 
337	17 
338	12 
339	10 
340	23 
341	24 
342	5 
343	8 
344	16 
345	26 
346	10 
347	24 
348	19 
349	35 
350	19 
351	3 
352	30 
353	23 
354	10 
355	34 
356	11 
357	26 
358	19 
359	13 
360	6 
361	31 
362	9 
363	15 
364	8 
365	23 
366	20 
367	8 
368	3 
369	20 
370	4 
371	16 
372	7 
373	8 
374	8 
375	21 
376	15 
377	33 
378	26 
379	20 
380	28 
381	33 
382	26 
383	23 
384	34 
385	39 
386	19 
387	38 
388	6 
389	6 
390	10 
391	22 
392	26 
393	4 
394	39 
395	19 
396	19 
397	31 
398	12 
399	41 
400	11 
401	19 
402	6 
403	30 
404	1 
405	1 
406	20 
407	24 
408	39 
409	23 
410	26 
411	23 
412	32 
413	6 
414	3 
415	23 
416	12 
417	14 
418	20 
419	32 
420	37 
421	1 
422	17 
423	22 
424	5 
425	6 
426	31 
427	8 
428	26 
429	20 
430	6 
431	18 
432	35 
433	2 
434	22 
435	20 
436	21 
437	14 
438	16 
439	19 
440	19 
441	32 
442	23 
443	34 
444	20 
445	29 
446	32 
447	33 
448	32 
449	36 
450	21 
451	21 
452	8 
453	15 
454	9 
455	1 
456	31 
457	20 
458	32 
459	8 
460	22 
461	19 
462	39 
463	22 
464	14 
465	4 
466	38 
467	13 
468	12 
469	38 
470	16 
471	33 
472	10 
473	19 
474	8 
475	11 
476	3 
477	4 
478	20 
479	4 
480	12 
481	20 
482	9 
483	1 
484	12 
485	12 
486	19 
487	37 
488	23 
489	22 
490	30 
491	30 
492	24 
493	3 
494	17 
495	3 
496	30 
497	6 
498	22 
499	22 
500	14 
501	28 
502	30 
503	30 
504	36 
505	18 
506	6 
507	15 
508	3 
509	22 
510	6 
511	8 
512	3 
513	8 
514	9 
515	36 
516	32 
517	38 
518	3 
519	12 
520	15 
521	1 
522	6 
523	12 
524	36 
525	38 
526	10 
527	40 
528	3 
529	20 
530	4 
531	22 
532	8 
533	35 
534	7 
535	4 
536	20 
537	30 
538	7 
539	23 
540	38 
541	10 
542	2 
543	27 
544	18 
545	1 
546	21 
547	34 
548	36 
549	13 
550	28 
551	37 
552	38 
553	21 
554	28 
555	5 
556	35 
557	31 
558	40 
559	12 
560	40 
561	28 
562	2 
563	17 
564	20 
565	35 
566	26 
567	10 
568	30 
569	18 
570	6 
571	11 
572	20 
573	3 
574	10 
575	8 
576	30 
577	32 
578	25 
579	7 
580	26 
581	3 
582	4 
583	22 
584	35 
585	22 
586	8 
587	12 
588	7 
589	26 
590	6 
591	38 
592	19 
593	15 
594	19 
595	26 
596	15 
597	29 
598	31 
599	8 
600	37 
601	22 
602	34 
603	28 
604	26 
605	20 
606	37 
607	8 
608	35 
609	19 
610	8 
611	18 
612	35 
613	23 
614	13 
615	22 
616	32 
617	16 
618	40 
619	26 
620	31 
621	40 
622	12 
623	14 
624	10 
625	6 
626	25 
627	28 
628	11 
629	4 
630	21 
631	19 
632	40 
633	39 
634	28 
635	21 
636	12 
637	5 
638	8 
639	14 
640	29 
641	27 
642	1 
643	37 
644	38 
645	6 
646	4 
647	23 
648	16 
649	23 
650	41 
651	19 
652	41 
653	17 
654	23 
655	3 
656	2 
657	28 
658	1 
659	22 
660	32 
661	23 
662	30 
663	30 
664	12 
665	12 
666	1 
667	26 
668	17 
669	10 
670	20 
671	29 
672	39 
673	22 
674	24 
675	10 
676	28 
677	28 
678	41 
679	22 
680	30 
681	40 
682	34 
683	19 
684	5 
685	20 
686	29 
687	20 
688	5 
689	6 
690	36 
691	30 
692	26 
693	30 
694	27 
695	23 
696	9 
697	3 
698	29 
699	8 
700	15 
701	37 
702	8 
703	1 
704	7 
705	8 
706	10 
707	30 
708	37 
709	13 
710	12 
711	18 
712	27 
713	20 
714	40 
715	2 
716	35 
717	13 
718	21 
719	26 
720	5 
721	23 
722	5 
723	2 
724	22 
725	34 
726	34 
727	12 
728	1 
729	12 
730	10 
731	37 
732	13 
733	13 
734	8 
735	8 
736	18 
737	27 
738	24 
739	27 
740	8 
741	36 
742	5 
743	37 
744	12 
745	12 
746	36 
747	30 
748	19 
749	15 
750	20 
751	21 
752	20 
753	19 
754	23 
755	34 
756	8 
757	6 
758	23 
759	1 
760	13 
761	3 
762	6 
763	26 
764	26 
765	6 
766	22 
767	11 
768	8 
769	30 
770	37 
771	28 
772	12 
773	7 
774	22 
775	1 
776	16 
777	14 
778	28 
779	3 
780	15 
781	29 
782	35 
783	34 
784	41 
785	20 
786	6 
787	10 
788	3 
789	11 
790	3 
791	20 
792	19 
793	26 
794	15 
795	5 
796	19 
797	23 
798	26 
799	14 
800	3 
801	22 
802	40 
803	13 
804	2 
805	3 
806	28 
807	32 
808	23 
809	14 
810	20 
811	41 
812	19 
813	12 
814	12 
815	29 
816	33 
817	22 
818	3 
819	18 
820	38 
821	30 
822	5 
823	26 
824	39 
825	31 
826	19 
827	20 
828	4 
829	38 
830	26 
831	35 
832	27 
833	2 
834	34 
835	13 
836	8 
837	4 
838	15 
839	3 
840	2 
841	23 
842	35 
843	19 
844	41 
845	23 
846	29 
847	19 
848	15 
849	30 
850	6 
851	23 
852	26 
853	10 
854	28 
855	5 
856	15 
857	37 
858	19 
859	12 
860	35 
861	30 
862	20 
863	36 
864	19 
865	30 
866	5 
867	13 
868	13 
869	27 
870	30 
871	28 
872	12 
873	12 
874	18 
875	35 
876	4 
877	5 
878	28 
879	25 
880	34 
881	22 
882	39 
883	5 
884	10 
885	30 
886	2 
887	1 
888	30 
889	4 
890	30 
891	15 
892	26 
893	39 
894	22 
895	22 
896	22 
897	32 
898	28 
899	30 
900	16 
901	26 
902	10 
903	8 
904	32 
905	14 
906	16 
907	24 
908	26 
909	26 
910	36 
911	23 
912	20 
913	35 
914	6 
915	36 
916	6 
917	21 
918	20 
919	23 
920	39 
921	26 
922	1 
923	19 
924	27 
925	38 
926	19 
927	1 
928	36 
929	20 
930	34 
931	32 
932	3 
933	19 
934	21 
935	22 
936	3 
937	19 
938	22 
939	26 
940	15 
941	24 
942	23 
943	39 
944	21 
945	30 
946	4 
947	1 
948	36 
949	36 
950	20 
951	26 
952	19 
953	8 
954	8 
955	26 
956	15 
957	19 
958	32 
959	19 
960	23 
961	24 
962	5 
963	8 
964	12 
965	26 
966	21 
967	1 
968	30 
969	13 
970	16 
971	20 
972	30 
973	6 
974	22 
975	20 
976	28 
977	18 
978	23 
979	26 
980	26 
981	19 
982	26 
983	35 
984	34 
985	6 
986	7 
987	30 
988	34 
989	6 
990	26 
991	21 
992	21 
993	10 
994	5 
995	15 
996	12 
997	8 
998	18 
999	5 
1000	6 
