0 4
0 6
0 8
0 9
0 11
0 14
0 15
0 18
0 19
0 20
0 21
0 22
0 28
0 29
0 30
0 31
1 3
1 9
1 10
1 11
1 12
1 14
1 15
1 17
1 18
1 19
1 20
1 24
1 25
1 28
1 30
1 31
2 3
2 4
2 6
2 9
2 10
2 11
2 13
2 14
2 20
2 21
2 22
2 23
2 24
2 26
2 27
2 28
2 29
2 30
3 1
3 2
3 5
3 6
3 8
3 9
3 10
3 12
3 16
3 18
3 21
3 22
3 25
3 28
3 29
3 30
4 0
4 2
4 5
4 6
4 7
4 8
4 10
4 12
4 14
4 16
4 17
4 20
4 21
4 23
4 26
4 27
4 30
5 3
5 4
5 8
5 11
5 14
5 16
5 17
5 19
5 20
5 22
5 26
5 27
5 28
5 29
5 30
5 31
6 0
6 2
6 3
6 4
6 10
6 12
6 13
6 16
6 18
6 19
6 22
6 24
6 25
6 27
6 28
6 31
7 4
7 8
7 11
7 13
7 14
7 16
7 17
7 19
7 21
7 22
7 24
7 25
7 26
7 28
7 30
7 31
8 0
8 3
8 4
8 5
8 7
8 9
8 13
8 14
8 16
8 19
8 21
8 23
8 24
8 25
8 28
8 30
9 0
9 1
9 2
9 3
9 8
9 12
9 13
9 16
9 18
9 20
9 21
9 22
9 26
9 28
9 29
9 30
10 1
10 2
10 3
10 4
10 6
10 11
10 15
10 17
10 18
10 20
10 22
10 23
10 24
10 25
10 27
10 29
10 30
10 31
11 0
11 1
11 2
11 5
11 7
11 10
11 12
11 14
11 15
11 17
11 18
11 19
11 20
11 24
11 28
11 31
12 1
12 3
12 4
12 6
12 9
12 11
12 13
12 14
12 15
12 16
12 19
12 20
12 22
12 23
12 30
12 31
13 2
13 6
13 7
13 8
13 9
13 12
13 14
13 15
13 17
13 18
13 22
13 25
13 26
13 27
13 28
13 30
14 0
14 1
14 2
14 4
14 5
14 7
14 8
14 11
14 12
14 13
14 15
14 23
14 26
14 27
14 29
14 30
15 0
15 1
15 10
15 11
15 12
15 13
15 14
15 18
15 20
15 21
15 22
15 24
15 25
15 27
15 29
15 31
16 3
16 4
16 5
16 6
16 7
16 8
16 9
16 12
16 18
16 20
16 22
16 23
16 24
16 26
16 27
16 28
16 29
16 30
17 1
17 4
17 5
17 7
17 10
17 11
17 13
17 18
17 19
17 21
17 22
17 25
17 26
17 28
17 30
17 31
18 0
18 1
18 3
18 6
18 9
18 10
18 11
18 13
18 15
18 16
18 17
18 25
18 28
18 29
18 30
18 31
19 0
19 1
19 5
19 6
19 7
19 8
19 11
19 12
19 17
19 20
19 23
19 24
19 25
19 26
19 27
19 28
20 0
20 1
20 2
20 4
20 5
20 9
20 10
20 11
20 12
20 15
20 16
20 19
20 24
20 27
20 28
20 31
21 0
21 2
21 3
21 4
21 7
21 8
21 9
21 15
21 17
21 22
21 24
21 25
21 26
21 27
21 29
21 31
22 0
22 2
22 3
22 5
22 6
22 7
22 9
22 10
22 12
22 13
22 15
22 16
22 17
22 21
22 23
22 26
23 2
23 4
23 8
23 10
23 12
23 14
23 16
23 19
23 22
23 24
23 25
23 26
23 27
23 29
23 30
23 31
24 1
24 2
24 6
24 7
24 8
24 10
24 11
24 15
24 16
24 19
24 20
24 21
24 23
24 26
24 30
24 31
25 1
25 3
25 6
25 7
25 8
25 10
25 13
25 15
25 17
25 18
25 19
25 21
25 23
25 26
25 29
25 31
26 2
26 4
26 5
26 7
26 9
26 13
26 14
26 16
26 17
26 19
26 21
26 22
26 23
26 24
26 25
26 30
27 2
27 4
27 5
27 6
27 10
27 13
27 14
27 15
27 16
27 19
27 20
27 21
27 23
27 28
27 29
27 30
28 0
28 1
28 2
28 3
28 5
28 6
28 7
28 8
28 9
28 11
28 13
28 16
28 17
28 18
28 19
28 20
28 27
28 29
29 0
29 2
29 3
29 5
29 9
29 10
29 14
29 15
29 16
29 18
29 21
29 23
29 25
29 27
29 28
29 30
30 0
30 1
30 2
30 3
30 4
30 5
30 7
30 8
30 9
30 10
30 12
30 13
30 14
30 16
30 17
30 18
30 23
30 24
30 26
30 27
30 29
31 0
31 1
31 5
31 6
31 7
31 10
31 11
31 12
31 15
31 17
31 18
31 20
31 21
31 23
31 24
31 25
32 36
32 39
32 41
32 42
32 44
32 45
32 46
32 48
32 49
32 50
32 53
32 54
32 56
32 58
32 59
32 61
33 34
33 37
33 40
33 42
33 43
33 44
33 45
33 46
33 47
33 50
33 51
33 52
33 54
33 55
33 58
33 60
34 33
34 35
34 36
34 37
34 38
34 41
34 44
34 45
34 46
34 47
34 50
34 53
34 54
34 56
34 59
34 62
35 34
35 36
35 37
35 38
35 40
35 44
35 46
35 48
35 49
35 50
35 51
35 54
35 59
35 60
35 62
35 63
36 32
36 34
36 35
36 40
36 42
36 46
36 48
36 49
36 51
36 52
36 53
36 58
36 59
36 60
36 61
36 62
37 33
37 34
37 35
37 40
37 42
37 44
37 48
37 49
37 50
37 51
37 52
37 54
37 55
37 56
37 59
37 63
38 34
38 35
38 45
38 46
38 47
38 48
38 49
38 53
38 54
38 55
38 56
38 57
38 58
38 59
38 60
38 63
39 32
39 40
39 41
39 42
39 44
39 46
39 47
39 49
39 51
39 53
39 54
39 55
39 56
39 57
39 60
39 61
40 33
40 35
40 36
40 37
40 39
40 41
40 42
40 43
40 44
40 46
40 52
40 53
40 54
40 56
40 57
40 61
41 32
41 34
41 39
41 40
41 42
41 44
41 45
41 46
41 53
41 54
41 58
41 59
41 60
41 61
41 62
41 63
42 32
42 33
42 36
42 37
42 39
42 40
42 41
42 44
42 45
42 48
42 52
42 53
42 55
42 56
42 58
42 60
43 33
43 40
43 45
43 47
43 48
43 51
43 52
43 53
43 54
43 55
43 56
43 57
43 58
43 59
43 62
43 63
44 32
44 33
44 34
44 35
44 37
44 39
44 40
44 41
44 42
44 46
44 50
44 52
44 53
44 54
44 60
44 61
45 32
45 33
45 34
45 38
45 41
45 42
45 43
45 47
45 48
45 50
45 51
45 52
45 53
45 54
45 55
45 57
46 32
46 33
46 34
46 35
46 36
46 38
46 39
46 40
46 41
46 44
46 48
46 51
46 54
46 56
46 59
46 61
47 33
47 34
47 38
47 39
47 43
47 45
47 48
47 49
47 50
47 51
47 52
47 53
47 54
47 55
47 56
47 57
47 62
47 63
48 32
48 35
48 36
48 37
48 38
48 42
48 43
48 45
48 46
48 47
48 51
48 53
48 55
48 57
48 62
48 63
49 32
49 35
49 36
49 37
49 38
49 39
49 47
49 50
49 51
49 52
49 53
49 56
49 57
49 59
49 62
49 63
50 32
50 33
50 34
50 35
50 37
50 44
50 45
50 47
50 49
50 51
50 53
50 56
50 57
50 59
50 60
50 61
51 33
51 35
51 36
51 37
51 39
51 43
51 45
51 46
51 47
51 48
51 49
51 50
51 54
51 56
51 61
51 63
52 33
52 36
52 37
52 40
52 42
52 43
52 44
52 45
52 47
52 49
52 55
52 57
52 59
52 61
52 62
52 63
53 32
53 34
53 36
53 38
53 39
53 40
53 41
53 42
53 43
53 44
53 45
53 47
53 48
53 49
53 50
53 58
53 59
53 60
53 61
53 62
53 63
54 32
54 33
54 34
54 35
54 37
54 38
54 39
54 40
54 41
54 43
54 44
54 45
54 46
54 47
54 51
54 57
55 33
55 37
55 38
55 39
55 42
55 43
55 45
55 47
55 48
55 52
55 56
55 58
55 59
55 60
55 61
55 62
55 63
56 32
56 34
56 37
56 38
56 39
56 40
56 42
56 43
56 46
56 47
56 49
56 50
56 51
56 55
56 58
56 60
57 38
57 39
57 40
57 43
57 45
57 47
57 48
57 49
57 50
57 52
57 54
57 58
57 59
57 60
57 61
57 62
58 32
58 33
58 36
58 38
58 41
58 42
58 43
58 53
58 55
58 56
58 57
58 59
58 60
58 61
58 62
58 63
59 32
59 34
59 35
59 36
59 37
59 38
59 41
59 43
59 46
59 49
59 50
59 52
59 53
59 55
59 57
59 58
60 33
60 35
60 36
60 38
60 39
60 41
60 42
60 44
60 50
60 53
60 55
60 56
60 57
60 58
60 62
60 63
61 32
61 36
61 39
61 40
61 41
61 44
61 46
61 50
61 51
61 52
61 53
61 55
61 57
61 58
61 62
61 63
62 34
62 35
62 36
62 41
62 43
62 47
62 48
62 49
62 52
62 53
62 55
62 57
62 58
62 60
62 61
62 63
63 35
63 37
63 38
63 41
63 43
63 47
63 48
63 49
63 51
63 52
63 53
63 55
63 58
63 60
63 61
63 62
64 66
64 67
64 69
64 71
64 73
64 74
64 78
64 79
64 81
64 82
64 84
64 87
64 88
64 89
64 90
64 91
65 66
65 67
65 69
65 73
65 75
65 78
65 80
65 82
65 83
65 85
65 86
65 87
65 90
65 92
65 94
65 95
66 64
66 65
66 68
66 69
66 72
66 73
66 75
66 77
66 78
66 83
66 84
66 85
66 88
66 92
66 94
66 95
67 64
67 65
67 68
67 69
67 71
67 72
67 75
67 76
67 78
67 79
67 80
67 83
67 84
67 87
67 88
67 91
67 92
67 93
68 66
68 67
68 70
68 73
68 75
68 76
68 80
68 82
68 83
68 84
68 87
68 88
68 90
68 92
68 94
68 95
69 64
69 65
69 66
69 67
69 72
69 74
69 76
69 77
69 80
69 83
69 85
69 87
69 88
69 90
69 92
69 94
70 68
70 72
70 73
70 74
70 77
70 79
70 80
70 83
70 84
70 85
70 88
70 89
70 90
70 91
70 92
70 95
71 64
71 67
71 73
71 74
71 76
71 78
71 79
71 80
71 84
71 85
71 86
71 89
71 91
71 92
71 93
71 95
72 66
72 67
72 69
72 70
72 74
72 76
72 77
72 79
72 80
72 82
72 83
72 86
72 88
72 91
72 92
72 93
72 94
73 64
73 65
73 66
73 68
73 70
73 71
73 74
73 75
73 76
73 77
73 78
73 85
73 86
73 87
73 89
73 94
74 64
74 69
74 70
74 71
74 72
74 73
74 79
74 81
74 82
74 84
74 86
74 87
74 89
74 91
74 92
74 94
75 65
75 66
75 67
75 68
75 73
75 77
75 78
75 79
75 80
75 81
75 84
75 87
75 90
75 91
75 94
75 95
76 67
76 68
76 69
76 71
76 72
76 73
76 77
76 81
76 84
76 85
76 87
76 89
76 91
76 92
76 94
76 95
77 66
77 69
77 70
77 72
77 73
77 75
77 76
77 78
77 81
77 82
77 85
77 86
77 87
77 90
77 91
77 95
78 64
78 65
78 66
78 67
78 71
78 73
78 75
78 77
78 83
78 84
78 87
78 88
78 92
78 93
78 94
78 95
79 64
79 67
79 70
79 71
79 72
79 74
79 75
79 83
79 85
79 86
79 89
79 91
79 92
79 93
79 94
79 95
80 65
80 67
80 68
80 69
80 70
80 71
80 72
80 75
80 81
80 82
80 86
80 87
80 88
80 89
80 90
80 95
81 64
81 74
81 75
81 76
81 77
81 80
81 82
81 83
81 84
81 86
81 87
81 88
81 89
81 91
81 92
81 93
82 64
82 65
82 68
82 72
82 74
82 77
82 80
82 81
82 84
82 85
82 86
82 87
82 88
82 89
82 90
82 93
82 94
83 65
83 66
83 67
83 68
83 69
83 70
83 72
83 78
83 79
83 81
83 87
83 88
83 90
83 93
83 94
83 95
84 64
84 66
84 67
84 68
84 70
84 71
84 74
84 75
84 76
84 78
84 81
84 82
84 89
84 93
84 94
84 95
85 65
85 66
85 69
85 70
85 71
85 73
85 76
85 77
85 79
85 82
85 87
85 89
85 90
85 92
85 93
85 95
86 65
86 71
86 72
86 73
86 74
86 77
86 79
86 80
86 81
86 82
86 88
86 89
86 90
86 91
86 93
86 95
87 64
87 65
87 67
87 68
87 69
87 73
87 74
87 75
87 76
87 77
87 78
87 80
87 81
87 82
87 83
87 85
88 64
88 66
88 67
88 68
88 69
88 70
88 72
88 78
88 80
88 81
88 82
88 83
88 86
88 89
88 90
88 93
89 64
89 70
89 71
89 73
89 74
89 76
89 79
89 80
89 81
89 82
89 84
89 85
89 86
89 88
89 90
89 95
90 64
90 65
90 68
90 69
90 70
90 75
90 77
90 80
90 82
90 83
90 85
90 86
90 88
90 89
90 91
90 93
91 64
91 67
91 70
91 71
91 72
91 74
91 75
91 76
91 77
91 79
91 81
91 86
91 90
91 92
91 93
91 94
92 65
92 66
92 67
92 68
92 69
92 70
92 71
92 72
92 74
92 76
92 78
92 79
92 81
92 85
92 91
92 93
93 67
93 71
93 72
93 78
93 79
93 81
93 82
93 83
93 84
93 85
93 86
93 88
93 90
93 91
93 92
93 94
94 65
94 66
94 68
94 69
94 72
94 73
94 74
94 75
94 76
94 78
94 79
94 82
94 83
94 84
94 91
94 93
95 65
95 66
95 68
95 70
95 71
95 75
95 76
95 77
95 78
95 79
95 80
95 83
95 84
95 85
95 86
95 89
96 98
96 99
96 101
96 104
96 105
96 106
96 108
96 110
96 112
96 113
96 115
96 117
96 120
96 123
96 124
96 127
97 99
97 101
97 102
97 106
97 108
97 109
97 114
97 115
97 116
97 117
97 119
97 122
97 124
97 125
97 126
97 127
98 96
98 99
98 100
98 102
98 103
98 105
98 106
98 110
98 112
98 113
98 115
98 116
98 117
98 123
98 125
98 127
99 96
99 97
99 98
99 102
99 103
99 104
99 107
99 109
99 111
99 115
99 118
99 119
99 120
99 123
99 124
99 127
100 98
100 102
100 104
100 110
100 112
100 114
100 116
100 117
100 118
100 119
100 120
100 121
100 122
100 123
100 126
100 127
101 96
101 97
101 102
101 103
101 106
101 107
101 109
101 111
101 112
101 115
101 116
101 118
101 120
101 123
101 124
101 125
102 97
102 98
102 99
102 100
102 101
102 104
102 106
102 107
102 109
102 111
102 112
102 113
102 114
102 119
102 123
102 124
103 98
103 99
103 101
103 106
103 107
103 109
103 110
103 111
103 115
103 116
103 118
103 120
103 121
103 123
103 124
103 125
104 96
104 99
104 100
104 102
104 105
104 108
104 113
104 115
104 116
104 117
104 118
104 121
104 122
104 124
104 126
104 127
105 96
105 98
105 104
105 106
105 108
105 110
105 111
105 113
105 114
105 115
105 117
105 118
105 121
105 122
105 125
105 127
106 96
106 97
106 98
106 101
106 102
106 103
106 105
106 112
106 113
106 116
106 118
106 119
106 122
106 124
106 125
106 127
107 99
107 101
107 102
107 103
107 108
107 110
107 111
107 112
107 114
107 116
107 120
107 121
107 122
107 123
107 124
107 126
108 96
108 97
108 104
108 105
108 107
108 109
108 111
108 112
108 113
108 114
108 116
108 120
108 121
108 125
108 126
108 127
109 97
109 99
109 101
109 102
109 103
109 108
109 110
109 113
109 114
109 116
109 117
109 118
109 119
109 120
109 121
109 123
109 125
109 126
109 127
110 96
110 98
110 100
110 103
110 105
110 107
110 109
110 111
110 115
110 118
110 121
110 122
110 123
110 124
110 126
110 127
111 99
111 101
111 102
111 103
111 105
111 107
111 108
111 110
111 114
111 115
111 116
111 118
111 119
111 122
111 124
111 126
112 96
112 98
112 100
112 101
112 102
112 106
112 107
112 108
112 115
112 116
112 118
112 120
112 121
112 124
112 125
112 127
113 96
113 98
113 102
113 104
113 105
113 106
113 108
113 109
113 115
113 117
113 119
113 120
113 122
113 124
113 125
113 126
114 97
114 100
114 102
114 105
114 107
114 108
114 109
114 111
114 118
114 119
114 120
114 122
114 123
114 124
114 125
114 127
115 96
115 97
115 98
115 99
115 101
115 103
115 104
115 105
115 110
115 111
115 112
115 113
115 119
115 122
115 123
115 126
116 97
116 98
116 100
116 101
116 103
116 104
116 106
116 107
116 108
116 109
116 111
116 112
116 117
116 122
116 123
116 127
117 96
117 97
117 98
117 100
117 104
117 105
117 109
117 113
117 116
117 118
117 119
117 122
117 123
117 124
117 126
117 127
118 99
118 100
118 101
118 103
118 104
118 105
118 106
118 109
118 110
118 111
118 112
118 114
118 117
118 121
118 123
118 125
118 126
119 97
119 99
119 100
119 102
119 106
119 109
119 111
119 113
119 114
119 115
119 117
119 121
119 122
119 123
119 124
119 127
120 96
120 99
120 100
120 101
120 103
120 107
120 108
120 109
120 112
120 113
120 114
120 121
120 122
120 125
120 126
120 127
121 100
121 103
121 104
121 105
121 107
121 108
121 109
121 110
121 112
121 118
121 119
121 120
121 122
121 125
121 126
121 127
122 97
122 100
122 104
122 105
122 106
122 107
122 110
122 111
122 113
122 114
122 115
122 116
122 117
122 119
122 120
122 121
123 96
123 98
123 99
123 100
123 101
123 102
123 103
123 107
123 109
123 110
123 114
123 115
123 116
123 117
123 118
123 119
124 96
124 97
124 99
124 101
124 102
124 103
124 104
124 106
124 107
124 110
124 111
124 112
124 113
124 114
124 117
124 119
125 97
125 98
125 101
125 103
125 105
125 106
125 108
125 109
125 112
125 113
125 114
125 118
125 120
125 121
125 126
125 127
126 97
126 100
126 104
126 107
126 108
126 109
126 110
126 111
126 113
126 115
126 117
126 118
126 120
126 121
126 125
126 127
127 96
127 97
127 98
127 99
127 100
127 104
127 105
127 106
127 108
127 109
127 110
127 112
127 114
127 116
127 117
127 119
127 120
127 121
127 125
127 126
