0 3
0 4
0 6
0 9
0 13
0 17
0 19
0 21
0 25
0 26
0 27
0 28
0 29
0 30
0 31
0 108
1 2
1 5
1 6
1 11
1 15
1 17
1 19
1 20
1 21
1 22
1 25
1 26
1 28
1 29
1 30
1 87
1 99
2 1
2 3
2 4
2 5
2 7
2 11
2 13
2 15
2 17
2 22
2 23
2 25
2 26
2 27
2 30
2 32
2 60
2 74
2 84
3 0
3 2
3 6
3 7
3 9
3 11
3 16
3 17
3 18
3 21
3 22
3 23
3 25
3 26
3 29
3 31
3 56
4 0
4 2
4 7
4 8
4 10
4 11
4 12
4 14
4 17
4 19
4 21
4 24
4 26
4 29
4 31
4 52
4 104
4 125
5 1
5 2
5 9
5 11
5 12
5 13
5 15
5 16
5 19
5 21
5 22
5 26
5 27
5 28
5 30
5 53
6 0
6 1
6 3
6 7
6 8
6 13
6 15
6 19
6 20
6 21
6 24
6 25
6 27
6 30
6 31
6 38
6 97
7 2
7 3
7 4
7 6
7 8
7 11
7 12
7 13
7 16
7 17
7 19
7 22
7 23
7 25
7 28
7 105
8 4
8 6
8 7
8 10
8 12
8 13
8 15
8 18
8 20
8 24
8 25
8 26
8 28
8 30
8 31
8 49
8 88
8 96
9 0
9 3
9 5
9 10
9 11
9 13
9 14
9 17
9 19
9 20
9 25
9 27
9 28
9 29
9 31
9 100
10 4
10 8
10 9
10 12
10 13
10 14
10 15
10 16
10 20
10 23
10 24
10 25
10 28
10 29
10 30
10 93
11 1
11 2
11 3
11 4
11 5
11 7
11 9
11 13
11 14
11 16
11 17
11 19
11 20
11 21
11 22
11 29
11 31
11 72
12 4
12 5
12 7
12 8
12 10
12 13
12 15
12 18
12 19
12 20
12 21
12 22
12 28
12 30
12 31
12 69
13 0
13 2
13 5
13 6
13 7
13 8
13 9
13 10
13 11
13 12
13 15
13 17
13 20
13 22
13 28
13 110
13 121
14 4
14 9
14 10
14 11
14 15
14 16
14 17
14 18
14 19
14 21
14 22
14 24
14 28
14 29
14 30
14 31
14 62
15 1
15 2
15 5
15 6
15 8
15 10
15 12
15 13
15 14
15 19
15 21
15 23
15 25
15 26
15 27
15 110
16 3
16 5
16 7
16 10
16 11
16 14
16 17
16 19
16 20
16 23
16 26
16 27
16 28
16 29
16 30
16 31
16 42
16 107
17 0
17 1
17 2
17 3
17 4
17 7
17 9
17 11
17 13
17 14
17 16
17 22
17 23
17 24
17 28
17 34
17 51
17 113
17 124
18 3
18 8
18 12
18 14
18 20
18 21
18 22
18 23
18 25
18 26
18 27
18 28
18 29
18 30
18 31
18 80
19 0
19 1
19 4
19 5
19 6
19 7
19 9
19 11
19 12
19 14
19 15
19 16
19 26
19 27
19 30
19 93
20 1
20 6
20 8
20 9
20 10
20 11
20 12
20 13
20 16
20 18
20 22
20 23
20 24
20 26
20 27
20 122
20 123
21 0
21 1
21 3
21 4
21 5
21 6
21 11
21 12
21 14
21 15
21 18
21 23
21 24
21 25
21 30
21 47
21 74
21 81
22 1
22 2
22 3
22 5
22 7
22 11
22 12
22 13
22 14
22 17
22 18
22 20
22 25
22 26
22 27
22 37
23 2
23 3
23 7
23 10
23 15
23 16
23 17
23 18
23 20
23 21
23 25
23 27
23 29
23 30
23 31
23 78
23 115
24 4
24 6
24 8
24 10
24 14
24 17
24 20
24 21
24 25
24 26
24 27
24 28
24 29
24 30
24 31
24 92
25 0
25 1
25 2
25 3
25 6
25 7
25 8
25 9
25 10
25 15
25 18
25 21
25 22
25 23
25 24
25 44
25 66
26 0
26 1
26 2
26 3
26 4
26 5
26 8
26 15
26 16
26 18
26 19
26 20
26 22
26 24
26 29
26 31
26 77
26 127
27 0
27 2
27 5
27 6
27 9
27 15
27 16
27 18
27 19
27 20
27 22
27 23
27 24
27 28
27 29
27 53
28 0
28 1
28 5
28 7
28 8
28 9
28 10
28 12
28 13
28 14
28 16
28 17
28 18
28 24
28 27
28 94
29 0
29 1
29 3
29 4
29 9
29 10
29 11
29 14
29 16
29 18
29 23
29 24
29 26
29 27
29 31
29 90
30 0
30 1
30 2
30 5
30 6
30 8
30 10
30 12
30 14
30 16
30 18
30 19
30 21
30 23
30 24
30 69
31 0
31 3
31 4
31 6
31 8
31 9
31 11
31 12
31 14
31 16
31 18
31 23
31 24
31 26
31 29
31 45
32 2
32 33
32 38
32 40
32 42
32 45
32 46
32 47
32 48
32 49
32 50
32 53
32 55
32 56
32 61
32 63
33 32
33 35
33 36
33 37
33 38
33 42
33 44
33 45
33 52
33 53
33 54
33 55
33 59
33 60
33 63
33 72
34 17
34 35
34 39
34 43
34 46
34 47
34 49
34 50
34 51
34 53
34 54
34 55
34 57
34 60
34 61
34 62
35 33
35 34
35 36
35 40
35 41
35 42
35 47
35 48
35 49
35 50
35 54
35 57
35 60
35 61
35 63
35 101
36 33
36 35
36 38
36 39
36 40
36 42
36 43
36 50
36 51
36 54
36 55
36 56
36 59
36 60
36 63
36 67
36 71
37 22
37 33
37 38
37 39
37 41
37 43
37 47
37 48
37 49
37 50
37 52
37 54
37 57
37 59
37 60
37 61
38 6
38 32
38 33
38 36
38 37
38 39
38 41
38 43
38 44
38 45
38 48
38 49
38 50
38 54
38 55
38 63
39 34
39 36
39 37
39 38
39 41
39 45
39 47
39 48
39 50
39 51
39 53
39 57
39 61
39 62
39 63
39 112
40 32
40 35
40 36
40 41
40 42
40 43
40 45
40 47
40 52
40 54
40 55
40 56
40 57
40 62
40 63
40 102
41 35
41 37
41 38
41 39
41 40
41 44
41 45
41 49
41 51
41 54
41 55
41 56
41 59
41 61
41 63
41 86
42 16
42 32
42 33
42 35
42 36
42 40
42 45
42 46
42 48
42 49
42 50
42 52
42 53
42 54
42 57
42 58
43 34
43 36
43 37
43 38
43 40
43 45
43 48
43 49
43 50
43 54
43 56
43 57
43 60
43 61
43 63
43 79
43 123
44 25
44 33
44 38
44 41
44 45
44 46
44 47
44 48
44 49
44 51
44 52
44 55
44 56
44 58
44 59
44 61
45 31
45 32
45 33
45 38
45 39
45 40
45 41
45 42
45 43
45 44
45 46
45 47
45 54
45 56
45 58
45 59
46 32
46 34
46 42
46 44
46 45
46 47
46 49
46 52
46 53
46 54
46 56
46 58
46 59
46 61
46 63
46 120
47 21
47 32
47 34
47 35
47 37
47 39
47 40
47 44
47 45
47 46
47 49
47 50
47 52
47 53
47 57
47 60
47 62
48 32
48 35
48 37
48 38
48 39
48 42
48 43
48 44
48 53
48 55
48 56
48 57
48 58
48 62
48 63
48 67
49 8
49 32
49 34
49 35
49 37
49 38
49 41
49 42
49 43
49 44
49 46
49 47
49 52
49 58
49 59
49 63
50 32
50 34
50 35
50 36
50 37
50 38
50 39
50 42
50 43
50 47
50 51
50 54
50 55
50 59
50 60
50 76
50 93
51 17
51 34
51 36
51 39
51 41
51 44
51 50
51 52
51 54
51 55
51 56
51 58
51 59
51 60
51 61
51 62
51 85
51 114
52 4
52 33
52 37
52 40
52 42
52 44
52 46
52 47
52 49
52 51
52 53
52 57
52 58
52 59
52 60
52 61
52 62
52 63
53 5
53 27
53 32
53 33
53 34
53 39
53 42
53 46
53 47
53 48
53 52
53 54
53 56
53 57
53 58
53 60
53 61
53 62
54 33
54 34
54 35
54 36
54 37
54 38
54 40
54 41
54 42
54 43
54 45
54 46
54 50
54 51
54 53
54 61
54 62
54 101
55 32
55 33
55 34
55 36
55 38
55 40
55 41
55 44
55 48
55 50
55 51
55 57
55 59
55 60
55 62
55 65
55 75
56 3
56 32
56 36
56 40
56 41
56 43
56 44
56 45
56 46
56 48
56 51
56 53
56 58
56 59
56 62
56 63
57 34
57 35
57 37
57 39
57 40
57 42
57 43
57 47
57 48
57 52
57 53
57 55
57 58
57 59
57 62
57 95
58 42
58 44
58 45
58 46
58 48
58 49
58 51
58 52
58 53
58 56
58 57
58 59
58 60
58 62
58 63
58 68
59 33
59 36
59 37
59 41
59 44
59 45
59 46
59 49
59 50
59 51
59 52
59 55
59 56
59 57
59 58
59 73
59 92
60 2
60 33
60 34
60 35
60 36
60 37
60 43
60 47
60 50
60 51
60 52
60 53
60 55
60 58
60 61
60 62
60 118
61 32
61 34
61 35
61 37
61 39
61 41
61 43
61 44
61 46
61 51
61 52
61 53
61 54
61 60
61 62
61 119
62 14
62 34
62 39
62 40
62 47
62 48
62 51
62 52
62 53
62 54
62 55
62 56
62 57
62 58
62 60
62 61
63 32
63 33
63 35
63 36
63 38
63 39
63 40
63 41
63 43
63 46
63 48
63 49
63 52
63 56
63 58
63 108
64 68
64 70
64 72
64 75
64 77
64 79
64 80
64 81
64 83
64 84
64 86
64 87
64 90
64 91
64 92
64 103
65 55
65 69
65 73
65 75
65 77
65 79
65 80
65 81
65 82
65 84
65 85
65 86
65 88
65 92
65 93
65 94
65 95
65 106
66 25
66 68
66 69
66 70
66 72
66 73
66 74
66 79
66 81
66 82
66 86
66 87
66 90
66 91
66 94
66 95
67 36
67 48
67 68
67 70
67 71
67 74
67 75
67 78
67 80
67 81
67 82
67 83
67 85
67 87
67 89
67 91
67 92
68 58
68 64
68 66
68 67
68 69
68 75
68 76
68 78
68 79
68 80
68 81
68 82
68 87
68 88
68 89
68 90
69 12
69 30
69 65
69 66
69 68
69 73
69 74
69 77
69 78
69 79
69 80
69 81
69 87
69 89
69 90
69 91
69 93
69 94
70 64
70 66
70 67
70 74
70 78
70 80
70 81
70 86
70 88
70 89
70 90
70 91
70 92
70 94
70 95
70 110
71 36
71 67
71 73
71 74
71 75
71 76
71 77
71 79
71 82
71 84
71 85
71 86
71 89
71 90
71 91
71 92
72 11
72 33
72 64
72 66
72 73
72 74
72 76
72 77
72 84
72 85
72 87
72 89
72 91
72 92
72 93
72 94
72 95
73 59
73 65
73 66
73 69
73 71
73 72
73 77
73 82
73 83
73 84
73 85
73 86
73 90
73 92
73 93
73 94
73 95
74 2
74 21
74 66
74 67
74 69
74 70
74 71
74 72
74 76
74 79
74 86
74 87
74 88
74 89
74 90
74 91
74 92
75 55
75 64
75 65
75 67
75 68
75 71
75 76
75 78
75 83
75 84
75 85
75 89
75 91
75 92
75 93
75 95
75 111
76 50
76 68
76 71
76 72
76 74
76 75
76 77
76 78
76 80
76 81
76 83
76 86
76 87
76 88
76 89
76 93
77 26
77 64
77 65
77 69
77 71
77 72
77 73
77 76
77 78
77 80
77 81
77 82
77 83
77 86
77 89
77 91
77 94
78 23
78 67
78 68
78 69
78 70
78 75
78 76
78 77
78 80
78 85
78 86
78 87
78 88
78 90
78 93
78 94
79 43
79 64
79 65
79 66
79 68
79 69
79 71
79 74
79 80
79 82
79 83
79 84
79 87
79 89
79 91
79 93
79 94
79 95
80 18
80 64
80 65
80 67
80 68
80 69
80 70
80 76
80 77
80 78
80 79
80 82
80 83
80 85
80 90
80 91
81 21
81 64
81 65
81 66
81 67
81 68
81 69
81 70
81 76
81 77
81 82
81 83
81 91
81 92
81 93
81 95
82 65
82 66
82 67
82 68
82 71
82 73
82 77
82 79
82 80
82 81
82 87
82 90
82 92
82 94
82 95
82 109
83 64
83 67
83 73
83 75
83 76
83 77
83 79
83 80
83 81
83 84
83 85
83 86
83 89
83 90
83 95
83 126
84 2
84 64
84 65
84 71
84 72
84 73
84 75
84 79
84 83
84 85
84 88
84 89
84 90
84 91
84 93
84 95
84 116
85 51
85 65
85 67
85 71
85 72
85 73
85 75
85 78
85 80
85 83
85 84
85 86
85 88
85 89
85 90
85 94
86 41
86 64
86 65
86 66
86 70
86 71
86 73
86 74
86 76
86 77
86 78
86 83
86 85
86 89
86 92
86 94
86 95
86 117
87 1
87 64
87 66
87 67
87 68
87 69
87 72
87 74
87 76
87 78
87 79
87 82
87 88
87 92
87 93
87 95
88 8
88 65
88 68
88 70
88 74
88 76
88 78
88 84
88 85
88 87
88 90
88 91
88 92
88 93
88 94
88 95
89 67
89 68
89 69
89 70
89 71
89 72
89 74
89 75
89 76
89 77
89 79
89 83
89 84
89 85
89 86
89 109
90 29
90 64
90 66
90 68
90 69
90 70
90 71
90 73
90 74
90 78
90 80
90 82
90 83
90 84
90 85
90 88
90 98
91 64
91 66
91 67
91 69
91 70
91 71
91 72
91 74
91 75
91 77
91 79
91 80
91 81
91 84
91 88
91 126
92 24
92 59
92 64
92 65
92 67
92 70
92 71
92 72
92 73
92 74
92 75
92 81
92 82
92 86
92 87
92 88
92 93
92 94
93 10
93 19
93 50
93 65
93 69
93 72
93 73
93 75
93 76
93 78
93 79
93 81
93 84
93 87
93 88
93 92
93 94
93 95
94 28
94 65
94 66
94 69
94 70
94 72
94 73
94 77
94 78
94 79
94 82
94 85
94 86
94 88
94 92
94 93
95 57
95 65
95 66
95 70
95 72
95 73
95 75
95 79
95 81
95 82
95 83
95 84
95 86
95 87
95 88
95 93
96 8
96 97
96 98
96 100
96 101
96 102
96 104
96 106
96 107
96 112
96 113
96 114
96 118
96 119
96 124
96 125
97 6
97 96
97 98
97 99
97 100
97 101
97 102
97 104
97 108
97 109
97 110
97 111
97 113
97 117
97 125
97 127
98 90
98 96
98 97
98 99
98 101
98 102
98 103
98 107
98 108
98 113
98 116
98 119
98 121
98 122
98 123
98 125
99 1
99 97
99 98
99 101
99 102
99 107
99 109
99 112
99 114
99 116
99 117
99 119
99 120
99 121
99 123
99 124
100 9
100 96
100 97
100 101
100 103
100 104
100 105
100 106
100 110
100 114
100 116
100 117
100 120
100 121
100 123
100 124
100 125
100 126
100 127
101 35
101 54
101 96
101 97
101 98
101 99
101 100
101 104
101 105
101 106
101 110
101 117
101 118
101 119
101 120
101 122
101 126
102 40
102 96
102 97
102 98
102 99
102 104
102 108
102 110
102 111
102 116
102 118
102 120
102 121
102 122
102 124
102 127
103 64
103 98
103 100
103 105
103 106
103 108
103 109
103 110
103 112
103 114
103 116
103 117
103 118
103 120
103 122
103 123
104 4
104 96
104 97
104 100
104 101
104 102
104 106
104 107
104 108
104 109
104 110
104 112
104 115
104 118
104 122
104 124
105 7
105 100
105 101
105 103
105 107
105 109
105 110
105 112
105 113
105 115
105 118
105 119
105 121
105 122
105 126
105 127
106 65
106 96
106 100
106 101
106 103
106 104
106 107
106 111
106 114
106 115
106 116
106 117
106 120
106 121
106 122
106 123
107 16
107 96
107 98
107 99
107 104
107 105
107 106
107 108
107 109
107 110
107 111
107 112
107 115
107 119
107 121
107 123
107 125
107 126
107 127
108 0
108 63
108 97
108 98
108 102
108 103
108 104
108 107
108 110
108 111
108 112
108 113
108 114
108 118
108 120
108 121
108 123
108 125
108 126
108 127
109 82
109 89
109 97
109 99
109 103
109 104
109 105
109 107
109 113
109 114
109 115
109 116
109 117
109 118
109 121
109 123
109 126
110 13
110 15
110 70
110 97
110 100
110 101
110 102
110 103
110 104
110 105
110 107
110 108
110 112
110 114
110 115
110 120
110 123
110 125
110 126
110 127
111 75
111 97
111 102
111 106
111 107
111 108
111 112
111 114
111 115
111 116
111 117
111 119
111 120
111 122
111 124
111 127
112 39
112 96
112 99
112 103
112 104
112 105
112 107
112 108
112 110
112 111
112 114
112 115
112 118
112 119
112 122
112 127
113 17
113 96
113 97
113 98
113 105
113 108
113 109
113 116
113 117
113 118
113 120
113 121
113 122
113 124
113 125
113 126
114 51
114 96
114 99
114 100
114 103
114 106
114 108
114 109
114 110
114 111
114 112
114 118
114 119
114 120
114 121
114 124
115 23
115 104
115 105
115 106
115 107
115 109
115 110
115 111
115 112
115 116
115 117
115 119
115 120
115 121
115 122
115 124
116 84
116 98
116 99
116 100
116 102
116 103
116 106
116 109
116 111
116 113
116 115
116 118
116 120
116 124
116 126
116 127
117 86
117 97
117 99
117 100
117 101
117 103
117 106
117 109
117 111
117 113
117 115
117 118
117 123
117 124
117 125
117 126
118 60
118 96
118 101
118 102
118 103
118 104
118 105
118 108
118 109
118 112
118 113
118 114
118 116
118 117
118 122
118 125
119 61
119 96
119 98
119 99
119 101
119 105
119 107
119 111
119 112
119 114
119 115
119 120
119 121
119 122
119 123
119 126
120 46
120 99
120 100
120 101
120 102
120 103
120 106
120 108
120 110
120 111
120 113
120 114
120 115
120 116
120 119
120 125
121 13
121 98
121 99
121 100
121 102
121 105
121 106
121 107
121 108
121 109
121 113
121 114
121 115
121 119
121 124
121 127
122 20
122 98
122 101
122 102
122 103
122 104
122 105
122 106
122 111
122 112
122 113
122 115
122 118
122 119
122 123
122 126
122 127
123 20
123 43
123 98
123 99
123 100
123 103
123 106
123 107
123 108
123 109
123 110
123 117
123 119
123 122
123 125
123 126
123 127
124 17
124 96
124 99
124 100
124 102
124 104
124 111
124 113
124 114
124 115
124 116
124 117
124 121
124 125
124 126
124 127
125 4
125 96
125 97
125 98
125 100
125 107
125 108
125 110
125 113
125 117
125 118
125 120
125 123
125 124
125 126
125 127
126 83
126 91
126 100
126 101
126 105
126 107
126 108
126 109
126 110
126 113
126 116
126 117
126 119
126 122
126 123
126 124
126 125
127 26
127 97
127 100
127 102
127 105
127 107
127 108
127 110
127 111
127 112
127 116
127 121
127 122
127 123
127 124
127 125
