0 1
0 3
0 6
0 12
0 13
0 16
0 17
0 18
0 20
0 21
0 27
0 28
0 30
0 31
0 33
0 34
0 38
0 73
0 85
1 0
1 2
1 4
1 8
1 10
1 14
1 15
1 16
1 20
1 22
1 23
1 27
1 29
1 30
1 31
1 45
1 117
2 1
2 4
2 6
2 9
2 10
2 13
2 14
2 15
2 18
2 21
2 23
2 26
2 27
2 29
2 62
2 76
2 86
2 111
3 0
3 4
3 5
3 7
3 10
3 13
3 15
3 17
3 19
3 20
3 21
3 22
3 27
3 31
3 38
3 47
3 79
3 82
4 1
4 2
4 3
4 5
4 7
4 10
4 15
4 17
4 18
4 19
4 22
4 25
4 27
4 29
4 59
4 118
5 3
5 4
5 7
5 9
5 10
5 13
5 16
5 17
5 18
5 19
5 24
5 25
5 27
5 30
5 57
5 58
5 89
5 98
5 109
6 0
6 2
6 7
6 8
6 9
6 14
6 16
6 19
6 22
6 23
6 25
6 27
6 29
6 30
6 66
6 77
7 3
7 4
7 5
7 6
7 8
7 9
7 12
7 18
7 22
7 23
7 24
7 27
7 28
7 30
7 94
7 122
8 1
8 6
8 7
8 9
8 10
8 13
8 18
8 21
8 22
8 23
8 24
8 26
8 28
8 31
8 58
8 91
9 2
9 5
9 6
9 7
9 8
9 11
9 14
9 17
9 21
9 24
9 26
9 28
9 30
9 31
9 51
9 74
10 1
10 2
10 3
10 4
10 5
10 8
10 14
10 15
10 16
10 17
10 19
10 25
10 27
10 28
10 29
10 34
10 88
10 101
10 116
11 9
11 15
11 16
11 18
11 19
11 20
11 22
11 23
11 25
11 26
11 27
11 28
11 30
11 31
11 51
11 80
11 90
12 0
12 7
12 13
12 14
12 15
12 16
12 17
12 18
12 25
12 26
12 27
12 28
12 30
12 31
12 37
12 60
12 81
13 0
13 2
13 3
13 5
13 8
13 12
13 14
13 17
13 19
13 22
13 23
13 26
13 30
13 31
13 74
13 114
13 125
14 1
14 2
14 6
14 9
14 10
14 12
14 13
14 16
14 17
14 19
14 20
14 22
14 29
14 31
14 84
14 86
14 121
15 1
15 2
15 3
15 4
15 10
15 11
15 12
15 16
15 22
15 23
15 24
15 25
15 27
15 30
15 67
15 97
15 101
16 0
16 1
16 5
16 6
16 10
16 11
16 12
16 14
16 15
16 17
16 20
16 22
16 29
16 30
16 39
16 49
16 76
17 0
17 3
17 4
17 5
17 9
17 10
17 12
17 13
17 14
17 16
17 18
17 19
17 26
17 31
17 36
17 46
17 103
17 107
17 116
18 0
18 2
18 4
18 5
18 7
18 8
18 11
18 12
18 17
18 19
18 21
18 26
18 28
18 30
18 35
18 73
18 123
19 3
19 4
19 5
19 6
19 10
19 11
19 13
19 14
19 17
19 18
19 20
19 21
19 23
19 27
19 103
19 122
20 0
20 1
20 3
20 11
20 14
20 16
20 19
20 21
20 22
20 23
20 24
20 25
20 26
20 28
20 29
20 31
20 54
20 67
20 68
20 81
21 0
21 2
21 3
21 8
21 9
21 18
21 19
21 20
21 22
21 24
21 26
21 27
21 28
21 29
21 56
21 105
22 1
22 3
22 4
22 6
22 7
22 8
22 11
22 13
22 14
22 15
22 16
22 20
22 21
22 24
22 65
22 127
23 1
23 2
23 6
23 7
23 8
23 11
23 13
23 15
23 19
23 20
23 24
23 25
23 30
23 31
23 40
23 42
23 91
23 104
23 108
24 5
24 7
24 8
24 9
24 15
24 20
24 21
24 22
24 23
24 26
24 28
24 29
24 30
24 31
24 52
24 64
24 72
24 89
25 4
25 5
25 6
25 10
25 11
25 12
25 15
25 20
25 23
25 26
25 27
25 28
25 29
25 31
25 56
25 102
26 2
26 8
26 9
26 11
26 12
26 13
26 17
26 18
26 20
26 21
26 24
26 25
26 28
26 29
26 33
26 41
26 45
26 75
27 0
27 1
27 2
27 3
27 4
27 5
27 6
27 7
27 10
27 11
27 12
27 15
27 19
27 21
27 25
27 28
27 29
27 32
27 44
27 63
27 93
28 0
28 7
28 8
28 9
28 10
28 11
28 12
28 18
28 20
28 21
28 24
28 25
28 26
28 27
28 39
28 75
28 94
28 95
29 1
29 2
29 4
29 6
29 10
29 14
29 16
29 20
29 21
29 24
29 25
29 26
29 27
29 30
29 37
29 61
29 71
29 111
30 0
30 1
30 5
30 6
30 7
30 9
30 11
30 12
30 13
30 15
30 16
30 18
30 23
30 24
30 29
30 57
30 70
30 117
31 0
31 1
31 3
31 8
31 9
31 11
31 12
31 13
31 14
31 17
31 20
31 23
31 24
31 25
31 48
31 54
31 99
31 113
32 27
32 35
32 38
32 39
32 42
32 47
32 48
32 50
32 51
32 53
32 54
32 58
32 59
32 60
32 62
32 104
32 126
33 0
33 26
33 35
33 36
33 38
33 41
33 42
33 43
33 46
33 47
33 48
33 49
33 54
33 56
33 61
33 63
33 124
34 0
34 10
34 35
34 36
34 37
34 39
34 41
34 42
34 43
34 44
34 46
34 47
34 53
34 55
34 61
34 62
34 90
34 97
35 18
35 32
35 33
35 34
35 39
35 40
35 42
35 46
35 49
35 50
35 52
35 53
35 57
35 59
35 61
35 63
35 68
36 17
36 33
36 34
36 37
36 39
36 44
36 45
36 46
36 48
36 49
36 52
36 55
36 57
36 58
36 63
36 74
37 12
37 29
37 34
37 36
37 38
37 40
37 42
37 49
37 50
37 51
37 53
37 54
37 58
37 59
37 60
37 62
38 0
38 3
38 32
38 33
38 37
38 40
38 41
38 42
38 46
38 47
38 48
38 56
38 58
38 59
38 60
38 61
39 16
39 28
39 32
39 34
39 35
39 36
39 41
39 43
39 47
39 48
39 49
39 51
39 56
39 57
39 61
39 63
40 23
40 35
40 37
40 38
40 42
40 43
40 45
40 47
40 48
40 49
40 52
40 54
40 58
40 61
40 62
40 121
41 26
41 33
41 34
41 38
41 39
41 42
41 47
41 49
41 52
41 53
41 56
41 57
41 58
41 61
41 62
41 114
42 23
42 32
42 33
42 34
42 35
42 37
42 38
42 40
42 41
42 47
42 48
42 50
42 52
42 53
42 62
42 70
43 33
43 34
43 39
43 40
43 46
43 47
43 48
43 50
43 51
43 52
43 55
43 56
43 58
43 61
43 63
43 78
43 86
44 27
44 34
44 36
44 45
44 46
44 47
44 48
44 49
44 53
44 54
44 55
44 57
44 59
44 61
44 62
44 79
45 1
45 26
45 36
45 40
45 44
45 46
45 49
45 50
45 52
45 54
45 56
45 58
45 59
45 60
45 61
45 63
46 17
46 33
46 34
46 35
46 36
46 38
46 43
46 44
46 45
46 48
46 50
46 58
46 59
46 60
46 62
46 106
46 127
47 3
47 32
47 33
47 34
47 38
47 39
47 40
47 41
47 42
47 43
47 44
47 54
47 56
47 58
47 62
47 64
47 112
47 114
48 31
48 32
48 33
48 36
48 38
48 39
48 40
48 42
48 43
48 44
48 46
48 52
48 56
48 59
48 60
48 104
48 110
49 16
49 33
49 35
49 36
49 37
49 39
49 40
49 41
49 44
49 45
49 55
49 58
49 60
49 61
49 62
49 93
50 32
50 35
50 37
50 42
50 43
50 45
50 46
50 51
50 52
50 53
50 54
50 56
50 60
50 63
50 83
50 84
50 123
51 9
51 11
51 32
51 37
51 39
51 43
51 50
51 52
51 53
51 54
51 55
51 56
51 57
51 59
51 62
51 63
52 24
52 35
52 36
52 40
52 41
52 42
52 43
52 45
52 48
52 50
52 51
52 56
52 58
52 60
52 62
52 87
53 32
53 34
53 35
53 37
53 41
53 42
53 44
53 50
53 51
53 54
53 57
53 58
53 60
53 63
53 92
53 117
53 119
54 20
54 31
54 32
54 33
54 37
54 40
54 44
54 45
54 47
54 50
54 51
54 53
54 57
54 59
54 61
54 63
55 34
55 36
55 43
55 44
55 49
55 51
55 56
55 57
55 58
55 59
55 60
55 61
55 62
55 63
55 74
55 78
55 120
56 21
56 25
56 33
56 38
56 39
56 41
56 43
56 45
56 47
56 48
56 50
56 51
56 52
56 55
56 57
56 59
56 69
57 5
57 30
57 35
57 36
57 39
57 41
57 44
57 51
57 53
57 54
57 55
57 56
57 59
57 60
57 62
57 63
57 82
58 5
58 8
58 32
58 36
58 37
58 38
58 40
58 41
58 43
58 45
58 46
58 47
58 49
58 52
58 53
58 55
58 83
58 109
59 4
59 32
59 35
59 37
59 38
59 44
59 45
59 46
59 48
59 51
59 54
59 55
59 56
59 57
59 63
59 92
59 104
60 12
60 32
60 37
60 38
60 45
60 46
60 48
60 49
60 50
60 52
60 53
60 55
60 57
60 61
60 63
60 66
60 119
61 29
61 33
61 34
61 35
61 38
61 39
61 40
61 41
61 43
61 44
61 45
61 49
61 54
61 55
61 60
61 70
62 2
62 32
62 34
62 37
62 40
62 41
62 42
62 44
62 46
62 47
62 49
62 51
62 52
62 55
62 57
62 117
63 27
63 33
63 35
63 36
63 39
63 43
63 45
63 50
63 51
63 53
63 54
63 55
63 57
63 59
63 60
63 113
64 24
64 47
64 65
64 70
64 71
64 75
64 76
64 78
64 80
64 81
64 82
64 83
64 84
64 87
64 91
64 95
65 22
65 64
65 66
65 67
65 68
65 69
65 71
65 72
65 74
65 79
65 84
65 89
65 91
65 92
65 94
65 102
66 6
66 60
66 65
66 67
66 68
66 70
66 73
66 77
66 83
66 84
66 85
66 86
66 87
66 90
66 93
66 95
67 15
67 20
67 65
67 66
67 68
67 69
67 74
67 76
67 82
67 83
67 87
67 88
67 89
67 90
67 91
67 92
67 93
67 94
68 20
68 35
68 65
68 66
68 67
68 70
68 74
68 75
68 79
68 81
68 83
68 86
68 88
68 90
68 92
68 95
68 99
69 56
69 65
69 67
69 70
69 71
69 73
69 75
69 82
69 87
69 88
69 89
69 91
69 92
69 93
69 95
69 125
70 30
70 42
70 61
70 64
70 66
70 68
70 69
70 72
70 75
70 77
70 78
70 79
70 82
70 85
70 87
70 89
70 91
71 29
71 64
71 65
71 69
71 72
71 76
71 77
71 78
71 79
71 81
71 84
71 85
71 86
71 89
71 90
71 124
72 24
72 65
72 70
72 71
72 76
72 78
72 80
72 82
72 87
72 88
72 89
72 90
72 91
72 94
72 95
72 118
72 120
73 0
73 18
73 66
73 69
73 75
73 77
73 79
73 80
73 81
73 83
73 84
73 87
73 88
73 90
73 94
73 95
74 9
74 13
74 36
74 55
74 65
74 67
74 68
74 75
74 81
74 82
74 83
74 84
74 85
74 87
74 91
74 92
74 94
74 95
74 96
74 110
75 26
75 28
75 64
75 68
75 69
75 70
75 73
75 74
75 80
75 85
75 86
75 90
75 91
75 93
75 94
75 95
76 2
76 16
76 64
76 67
76 71
76 72
76 77
76 78
76 80
76 81
76 86
76 87
76 88
76 90
76 93
76 94
76 96
77 6
77 66
77 70
77 71
77 73
77 76
77 79
77 81
77 82
77 85
77 88
77 89
77 92
77 93
77 95
77 100
77 107
78 43
78 55
78 64
78 70
78 71
78 72
78 76
78 79
78 80
78 82
78 83
78 88
78 91
78 92
78 93
78 94
79 3
79 44
79 65
79 68
79 70
79 71
79 73
79 77
79 78
79 81
79 82
79 85
79 86
79 87
79 89
79 93
80 11
80 64
80 72
80 73
80 75
80 76
80 78
80 81
80 84
80 85
80 87
80 89
80 91
80 93
80 94
80 115
81 12
81 20
81 64
81 68
81 71
81 73
81 74
81 76
81 77
81 79
81 80
81 82
81 87
81 89
81 92
81 93
81 94
81 106
81 126
82 3
82 57
82 64
82 67
82 69
82 70
82 72
82 74
82 77
82 78
82 79
82 81
82 86
82 88
82 89
82 94
83 50
83 58
83 64
83 66
83 67
83 68
83 73
83 74
83 78
83 86
83 89
83 90
83 91
83 92
83 94
83 95
84 14
84 50
84 64
84 65
84 66
84 71
84 73
84 74
84 80
84 85
84 86
84 88
84 90
84 92
84 93
84 94
85 0
85 66
85 70
85 71
85 74
85 75
85 77
85 79
85 80
85 84
85 86
85 88
85 89
85 90
85 92
85 98
86 2
86 14
86 43
86 66
86 68
86 71
86 75
86 76
86 79
86 82
86 83
86 84
86 85
86 87
86 88
86 89
86 91
87 52
87 64
87 66
87 67
87 69
87 70
87 72
87 73
87 74
87 76
87 79
87 80
87 81
87 86
87 92
87 93
87 105
87 122
88 10
88 67
88 68
88 69
88 72
88 73
88 76
88 77
88 78
88 82
88 84
88 85
88 86
88 91
88 95
88 115
89 5
89 24
89 65
89 67
89 69
89 70
89 71
89 72
89 77
89 79
89 80
89 81
89 82
89 83
89 85
89 86
90 11
90 34
90 66
90 67
90 68
90 71
90 72
90 73
90 75
90 76
90 83
90 84
90 85
90 91
90 94
90 95
91 8
91 23
91 64
91 65
91 67
91 69
91 70
91 72
91 74
91 75
91 78
91 80
91 83
91 86
91 88
91 90
92 53
92 59
92 65
92 67
92 68
92 69
92 74
92 77
92 78
92 81
92 83
92 84
92 85
92 87
92 93
92 95
93 27
93 49
93 66
93 67
93 69
93 75
93 76
93 77
93 78
93 79
93 80
93 81
93 84
93 87
93 92
93 95
94 7
94 28
94 65
94 67
94 72
94 73
94 74
94 75
94 76
94 78
94 80
94 81
94 82
94 83
94 84
94 90
95 28
95 64
95 66
95 68
95 69
95 72
95 73
95 74
95 75
95 77
95 83
95 88
95 90
95 92
95 93
95 100
95 108
95 112
96 74
96 76
96 98
96 100
96 105
96 108
96 110
96 113
96 114
96 115
96 116
96 117
96 118
96 119
96 123
96 124
97 15
97 34
97 100
97 103
97 104
97 107
97 111
97 112
97 113
97 114
97 118
97 119
97 120
97 121
97 122
97 123
97 125
97 126
97 127
98 5
98 85
98 96
98 100
98 101
98 103
98 106
98 109
98 110
98 113
98 114
98 118
98 121
98 122
98 124
98 126
99 31
99 68
99 100
99 102
99 107
99 108
99 111
99 112
99 114
99 120
99 121
99 122
99 124
99 125
99 126
99 127
100 77
100 95
100 96
100 97
100 98
100 99
100 101
100 108
100 111
100 113
100 114
100 115
100 120
100 125
100 126
100 127
101 10
101 15
101 98
101 100
101 106
101 107
101 111
101 112
101 114
101 115
101 116
101 117
101 120
101 123
101 124
101 127
102 25
102 65
102 99
102 103
102 104
102 105
102 106
102 108
102 109
102 110
102 114
102 116
102 118
102 119
102 120
102 121
103 17
103 19
103 97
103 98
103 102
103 104
103 105
103 107
103 108
103 114
103 116
103 117
103 121
103 124
103 126
103 127
104 23
104 32
104 48
104 59
104 97
104 102
104 103
104 105
104 109
104 110
104 112
104 113
104 117
104 118
104 119
104 123
104 124
104 126
105 21
105 87
105 96
105 102
105 103
105 104
105 107
105 110
105 111
105 113
105 118
105 120
105 122
105 123
105 126
105 127
106 46
106 81
106 98
106 101
106 102
106 108
106 109
106 110
106 114
106 116
106 117
106 118
106 120
106 122
106 124
106 126
107 17
107 77
107 97
107 99
107 101
107 103
107 105
107 111
107 112
107 115
107 117
107 119
107 120
107 121
107 123
107 125
107 126
108 23
108 95
108 96
108 99
108 100
108 102
108 103
108 106
108 111
108 113
108 115
108 118
108 121
108 122
108 124
108 125
108 126
109 5
109 58
109 98
109 102
109 104
109 106
109 110
109 111
109 115
109 118
109 120
109 121
109 123
109 124
109 126
109 127
110 48
110 74
110 96
110 98
110 102
110 104
110 105
110 106
110 109
110 112
110 115
110 117
110 119
110 122
110 125
110 126
111 2
111 29
111 97
111 99
111 100
111 101
111 105
111 107
111 108
111 109
111 112
111 115
111 116
111 118
111 123
111 124
112 47
112 95
112 97
112 99
112 101
112 104
112 107
112 110
112 111
112 115
112 117
112 122
112 123
112 124
112 125
112 127
113 31
113 63
113 96
113 97
113 98
113 100
113 104
113 105
113 108
113 115
113 117
113 118
113 119
113 120
113 122
113 123
114 13
114 41
114 47
114 96
114 97
114 98
114 99
114 100
114 101
114 102
114 103
114 106
114 117
114 121
114 123
114 124
114 125
115 80
115 88
115 96
115 100
115 101
115 107
115 108
115 109
115 110
115 111
115 112
115 113
115 116
115 123
115 125
115 127
116 10
116 17
116 96
116 101
116 102
116 103
116 106
116 111
116 115
116 117
116 118
116 120
116 122
116 123
116 126
116 127
117 1
117 30
117 53
117 62
117 96
117 101
117 103
117 104
117 106
117 107
117 110
117 112
117 113
117 114
117 116
117 119
117 121
117 122
117 124
117 125
118 4
118 72
118 96
118 97
118 98
118 102
118 104
118 105
118 106
118 108
118 109
118 111
118 113
118 116
118 123
118 127
119 53
119 60
119 96
119 97
119 102
119 104
119 107
119 110
119 113
119 117
119 120
119 121
119 122
119 125
119 126
119 127
120 55
120 72
120 97
120 99
120 100
120 101
120 102
120 105
120 106
120 107
120 109
120 113
120 116
120 119
120 124
120 127
121 14
121 40
121 97
121 98
121 99
121 102
121 103
121 107
121 108
121 109
121 114
121 117
121 119
121 122
121 125
121 127
122 7
122 19
122 87
122 97
122 98
122 99
122 105
122 106
122 108
122 110
122 112
122 113
122 116
122 117
122 119
122 121
122 125
123 18
123 50
123 96
123 97
123 101
123 104
123 105
123 107
123 109
123 111
123 112
123 113
123 114
123 115
123 116
123 118
124 33
124 71
124 96
124 98
124 99
124 101
124 103
124 104
124 106
124 108
124 109
124 111
124 112
124 114
124 117
124 120
125 13
125 69
125 97
125 99
125 100
125 107
125 108
125 110
125 112
125 114
125 115
125 117
125 119
125 121
125 122
125 127
126 32
126 81
126 97
126 98
126 99
126 100
126 103
126 104
126 105
126 106
126 107
126 108
126 109
126 110
126 116
126 119
127 22
127 46
127 97
127 99
127 100
127 101
127 103
127 105
127 109
127 112
127 115
127 116
127 118
127 119
127 120
127 121
127 125
