0 1
0 6
0 9
0 15
0 16
0 17
0 18
0 21
0 23
0 25
0 26
0 28
0 31
0 57
0 72
0 89
0 105
0 109
1 0
1 2
1 3
1 7
1 10
1 14
1 15
1 16
1 17
1 25
1 27
1 29
1 31
1 42
1 53
1 70
1 77
2 1
2 10
2 12
2 13
2 15
2 16
2 22
2 23
2 24
2 26
2 27
2 29
2 30
2 48
2 62
2 101
2 106
2 113
2 120
3 1
3 6
3 8
3 12
3 13
3 14
3 15
3 16
3 17
3 21
3 24
3 27
3 31
3 49
3 56
3 116
4 8
4 9
4 10
4 12
4 13
4 14
4 19
4 21
4 22
4 24
4 26
4 29
4 30
4 35
4 46
4 93
4 102
4 104
5 6
5 7
5 12
5 14
5 15
5 16
5 17
5 18
5 19
5 20
5 22
5 25
5 29
5 34
5 51
5 58
5 67
5 75
5 86
6 0
6 3
6 5
6 8
6 10
6 11
6 12
6 16
6 17
6 18
6 26
6 27
6 30
6 32
6 45
6 55
6 78
6 107
6 108
7 1
7 5
7 9
7 11
7 12
7 13
7 15
7 17
7 21
7 24
7 26
7 27
7 31
7 33
7 50
7 79
8 3
8 4
8 6
8 12
8 13
8 17
8 20
8 22
8 23
8 24
8 25
8 27
8 28
8 29
8 30
8 38
8 45
8 101
8 112
9 0
9 4
9 7
9 16
9 19
9 20
9 22
9 23
9 25
9 26
9 27
9 28
9 31
9 35
9 43
9 76
9 78
9 98
10 1
10 2
10 4
10 6
10 12
10 13
10 14
10 19
10 21
10 22
10 26
10 29
10 31
10 42
10 54
10 102
10 125
11 6
11 7
11 17
11 18
11 21
11 22
11 24
11 25
11 26
11 27
11 28
11 29
11 31
11 51
11 78
11 88
11 93
12 2
12 3
12 4
12 5
12 6
12 7
12 8
12 10
12 14
12 17
12 19
12 27
12 31
12 39
12 60
12 72
12 82
12 84
12 86
12 117
13 2
13 3
13 4
13 7
13 8
13 10
13 19
13 21
13 22
13 26
13 27
13 28
13 30
13 59
13 86
13 93
14 1
14 3
14 4
14 5
14 10
14 12
14 16
14 19
14 20
14 22
14 26
14 29
14 31
14 40
14 48
14 90
14 110
14 111
14 121
14 125
15 0
15 1
15 2
15 3
15 5
15 7
15 19
15 22
15 23
15 24
15 25
15 26
15 29
15 30
15 31
15 76
15 89
15 95
16 0
16 1
16 2
16 3
16 5
16 6
16 9
16 14
16 21
16 22
16 23
16 25
16 26
16 33
16 66
16 78
16 97
17 0
17 1
17 3
17 5
17 6
17 7
17 8
17 11
17 12
17 20
17 22
17 25
17 30
17 40
17 107
17 124
18 0
18 5
18 6
18 11
18 19
18 20
18 21
18 24
18 25
18 26
18 27
18 28
18 30
18 41
18 88
18 119
19 4
19 5
19 9
19 10
19 12
19 13
19 14
19 15
19 18
19 22
19 25
19 27
19 29
19 36
19 45
19 60
19 81
19 85
20 5
20 8
20 9
20 14
20 17
20 18
20 23
20 24
20 25
20 27
20 28
20 30
20 31
20 53
20 58
20 105
21 0
21 3
21 4
21 7
21 10
21 11
21 13
21 16
21 18
21 23
21 25
21 28
21 30
21 63
21 67
21 76
21 103
22 2
22 4
22 5
22 8
22 9
22 10
22 11
22 13
22 14
22 15
22 16
22 17
22 19
22 68
22 80
22 119
23 0
23 2
23 8
23 9
23 15
23 16
23 20
23 21
23 24
23 28
23 29
23 30
23 31
23 33
23 44
23 91
23 123
23 124
24 2
24 3
24 4
24 7
24 8
24 11
24 15
24 18
24 20
24 23
24 28
24 29
24 30
24 68
24 91
24 127
25 0
25 1
25 5
25 8
25 9
25 11
25 15
25 16
25 17
25 18
25 19
25 20
25 21
25 59
25 83
25 100
26 0
26 2
26 4
26 6
26 7
26 9
26 10
26 11
26 13
26 14
26 15
26 16
26 18
26 36
26 50
26 58
26 92
26 96
26 98
27 1
27 2
27 3
27 6
27 7
27 8
27 9
27 11
27 12
27 13
27 18
27 19
27 20
27 36
27 49
27 117
28 0
28 8
28 9
28 11
28 13
28 18
28 20
28 21
28 23
28 24
28 29
28 30
28 31
28 43
28 71
28 84
28 112
29 1
29 2
29 4
29 5
29 8
29 10
29 11
29 14
29 15
29 19
29 23
29 24
29 28
29 43
29 50
29 62
29 87
29 123
30 2
30 4
30 6
30 8
30 13
30 15
30 17
30 18
30 20
30 21
30 23
30 24
30 28
30 56
30 65
30 127
31 0
31 1
31 3
31 7
31 9
31 10
31 11
31 12
31 14
31 15
31 20
31 23
31 28
31 52
31 95
31 96
31 125
32 6
32 35
32 36
32 37
32 40
32 43
32 50
32 52
32 53
32 54
32 56
32 58
32 60
32 63
32 68
32 74
32 91
32 114
33 7
33 16
33 23
33 35
33 40
33 45
33 46
33 47
33 48
33 49
33 50
33 54
33 55
33 58
33 60
33 62
33 70
33 71
33 113
34 5
34 36
34 37
34 38
34 40
34 41
34 42
34 43
34 44
34 51
34 53
34 56
34 60
34 63
34 107
34 110
34 118
35 4
35 9
35 32
35 33
35 40
35 41
35 42
35 47
35 48
35 54
35 55
35 56
35 57
35 59
35 63
35 69
35 82
35 109
36 19
36 26
36 27
36 32
36 34
36 39
36 40
36 45
36 46
36 48
36 49
36 53
36 54
36 58
36 60
36 62
36 83
37 32
37 34
37 39
37 40
37 42
37 43
37 46
37 50
37 51
37 52
37 53
37 57
37 62
37 90
37 103
37 111
38 8
38 34
38 39
38 40
38 44
38 48
38 50
38 52
38 53
38 54
38 57
38 59
38 61
38 63
38 66
38 69
39 12
39 36
39 37
39 38
39 41
39 42
39 45
39 48
39 51
39 53
39 55
39 56
39 57
39 58
39 65
39 85
40 14
40 17
40 32
40 33
40 34
40 35
40 36
40 37
40 38
40 43
40 46
40 47
40 50
40 54
40 56
40 77
41 18
41 34
41 35
41 39
41 46
41 48
41 49
41 51
41 55
41 58
41 59
41 60
41 61
41 63
41 81
41 88
41 94
41 103
42 1
42 10
42 34
42 35
42 37
42 39
42 45
42 46
42 47
42 52
42 55
42 56
42 59
42 61
42 63
42 64
42 98
42 110
43 9
43 28
43 29
43 32
43 34
43 37
43 40
43 44
43 47
43 48
43 49
43 52
43 54
43 55
43 56
43 60
43 64
44 23
44 34
44 38
44 43
44 45
44 49
44 50
44 51
44 56
44 58
44 59
44 60
44 61
44 62
44 64
44 72
44 77
44 89
44 104
44 116
45 6
45 8
45 19
45 33
45 36
45 39
45 42
45 44
45 47
45 49
45 50
45 51
45 53
45 57
45 60
45 63
46 4
46 33
46 36
46 37
46 40
46 41
46 42
46 50
46 53
46 56
46 57
46 58
46 59
46 63
46 87
46 90
46 114
46 126
47 33
47 35
47 40
47 42
47 43
47 45
47 49
47 51
47 54
47 58
47 59
47 61
47 62
47 73
47 74
47 79
47 112
48 2
48 14
48 33
48 35
48 36
48 38
48 39
48 41
48 43
48 53
48 56
48 58
48 60
48 61
48 62
48 105
49 3
49 27
49 33
49 36
49 41
49 43
49 44
49 45
49 47
49 50
49 52
49 56
49 57
49 62
49 63
49 100
49 108
50 7
50 26
50 29
50 32
50 33
50 37
50 38
50 40
50 44
50 45
50 46
50 49
50 51
50 53
50 60
50 63
51 5
51 11
51 34
51 37
51 39
51 41
51 44
51 45
51 47
51 50
51 55
51 56
51 58
51 59
51 63
51 69
51 109
52 31
52 32
52 37
52 38
52 42
52 43
52 49
52 54
52 55
52 57
52 59
52 60
52 62
52 63
52 111
52 113
53 1
53 20
53 32
53 34
53 36
53 37
53 38
53 39
53 45
53 46
53 48
53 50
53 54
53 59
53 63
53 96
54 10
54 32
54 33
54 35
54 36
54 38
54 40
54 43
54 47
54 52
54 53
54 57
54 58
54 62
54 121
54 124
55 6
55 33
55 35
55 39
55 41
55 42
55 43
55 51
55 52
55 56
55 57
55 58
55 59
55 61
55 77
55 94
55 102
56 3
56 30
56 32
56 34
56 35
56 39
56 40
56 42
56 43
56 44
56 46
56 48
56 49
56 51
56 55
56 118
57 0
57 35
57 37
57 38
57 39
57 45
57 46
57 49
57 52
57 54
57 55
57 58
57 59
57 61
57 73
57 80
57 92
57 106
58 5
58 20
58 26
58 32
58 33
58 36
58 39
58 41
58 44
58 46
58 47
58 48
58 51
58 54
58 55
58 57
58 61
58 62
58 73
59 13
59 25
59 35
59 38
59 41
59 42
59 44
59 46
59 47
59 51
59 52
59 53
59 55
59 57
59 61
59 95
60 12
60 19
60 32
60 33
60 34
60 36
60 41
60 43
60 44
60 45
60 48
60 50
60 52
60 61
60 62
60 71
60 94
60 100
60 123
61 38
61 41
61 42
61 44
61 47
61 48
61 55
61 57
61 58
61 59
61 60
61 62
61 63
61 68
61 94
61 105
62 2
62 29
62 33
62 36
62 37
62 44
62 47
62 48
62 49
62 52
62 54
62 58
62 60
62 61
62 63
62 69
62 74
63 21
63 32
63 34
63 35
63 38
63 41
63 42
63 45
63 46
63 49
63 50
63 51
63 52
63 53
63 61
63 62
63 65
63 79
63 120
63 121
64 42
64 43
64 44
64 65
64 70
64 71
64 72
64 75
64 78
64 80
64 82
64 84
64 85
64 86
64 88
64 93
65 30
65 39
65 63
65 64
65 69
65 71
65 72
65 74
65 77
65 83
65 85
65 88
65 91
65 92
65 93
65 95
65 119
66 16
66 38
66 68
66 70
66 72
66 73
66 74
66 78
66 80
66 82
66 86
66 87
66 90
66 92
66 95
66 122
67 5
67 21
67 68
67 69
67 70
67 71
67 78
67 80
67 82
67 85
67 86
67 90
67 92
67 93
67 95
67 116
68 22
68 24
68 32
68 61
68 66
68 67
68 70
68 73
68 74
68 77
68 79
68 80
68 83
68 86
68 88
68 89
68 94
69 35
69 38
69 51
69 62
69 65
69 67
69 72
69 76
69 78
69 79
69 80
69 84
69 87
69 88
69 92
69 93
69 94
69 101
69 126
70 1
70 33
70 64
70 66
70 67
70 68
70 72
70 74
70 75
70 76
70 78
70 83
70 86
70 92
70 94
70 106
71 28
71 33
71 60
71 64
71 65
71 67
71 75
71 79
71 80
71 81
71 85
71 86
71 87
71 89
71 91
71 92
72 0
72 12
72 44
72 64
72 65
72 66
72 69
72 70
72 76
72 80
72 81
72 82
72 84
72 86
72 91
72 92
73 47
73 57
73 58
73 66
73 68
73 79
73 81
73 82
73 83
73 85
73 88
73 90
73 91
73 92
73 93
73 95
74 32
74 47
74 62
74 65
74 66
74 68
74 70
74 77
74 78
74 80
74 85
74 86
74 88
74 90
74 92
74 94
75 5
75 64
75 70
75 71
75 77
75 78
75 79
75 84
75 85
75 89
75 92
75 93
75 94
75 95
75 99
75 114
75 117
76 9
76 15
76 21
76 69
76 70
76 72
76 77
76 79
76 80
76 83
76 85
76 86
76 87
76 89
76 90
76 91
76 93
77 1
77 40
77 44
77 55
77 65
77 68
77 74
77 75
77 76
77 80
77 83
77 84
77 88
77 89
77 90
77 91
77 94
78 6
78 9
78 11
78 16
78 64
78 66
78 67
78 69
78 70
78 74
78 75
78 81
78 84
78 86
78 91
78 92
78 93
79 7
79 47
79 63
79 68
79 69
79 71
79 73
79 75
79 76
79 80
79 82
79 83
79 85
79 92
79 94
79 95
80 22
80 57
80 64
80 66
80 67
80 68
80 69
80 71
80 72
80 74
80 76
80 77
80 79
80 86
80 87
80 105
80 120
81 19
81 41
81 71
81 72
81 73
81 78
81 83
81 84
81 85
81 86
81 87
81 88
81 89
81 91
81 95
81 126
81 127
82 12
82 35
82 64
82 66
82 67
82 72
82 73
82 79
82 83
82 85
82 87
82 89
82 91
82 94
82 95
82 97
83 25
83 36
83 65
83 68
83 70
83 73
83 76
83 77
83 79
83 81
83 82
83 85
83 90
83 94
83 95
83 115
84 12
84 28
84 64
84 69
84 72
84 75
84 77
84 78
84 81
84 85
84 88
84 90
84 91
84 94
84 95
84 97
85 19
85 39
85 64
85 65
85 67
85 71
85 73
85 74
85 75
85 76
85 79
85 81
85 82
85 83
85 84
85 115
85 118
86 5
86 12
86 13
86 64
86 66
86 67
86 68
86 70
86 71
86 72
86 74
86 76
86 78
86 80
86 81
86 92
86 99
87 29
87 46
87 66
87 69
87 71
87 76
87 80
87 81
87 82
87 88
87 89
87 90
87 91
87 93
87 94
87 104
88 11
88 18
88 41
88 64
88 65
88 68
88 69
88 73
88 74
88 77
88 81
88 84
88 87
88 90
88 94
88 95
88 99
88 108
89 0
89 15
89 44
89 68
89 71
89 75
89 76
89 77
89 81
89 82
89 87
89 90
89 91
89 93
89 94
89 95
90 14
90 37
90 46
90 66
90 67
90 73
90 74
90 76
90 77
90 83
90 84
90 87
90 88
90 89
90 93
90 95
91 23
91 24
91 32
91 65
91 71
91 72
91 73
91 76
91 77
91 78
91 81
91 82
91 84
91 87
91 89
91 93
92 26
92 57
92 65
92 66
92 67
92 69
92 70
92 71
92 72
92 73
92 74
92 75
92 78
92 79
92 86
92 115
93 4
93 11
93 13
93 64
93 65
93 67
93 69
93 73
93 75
93 76
93 78
93 87
93 89
93 90
93 91
93 95
93 122
94 41
94 55
94 60
94 61
94 68
94 69
94 70
94 74
94 75
94 77
94 79
94 82
94 83
94 84
94 87
94 88
94 89
94 122
95 15
95 31
95 59
95 65
95 66
95 67
95 73
95 75
95 79
95 81
95 82
95 83
95 84
95 88
95 89
95 90
95 93
96 26
96 31
96 53
96 99
96 102
96 105
96 109
96 110
96 111
96 113
96 116
96 117
96 118
96 119
96 122
96 124
97 16
97 82
97 84
97 102
97 107
97 108
97 109
97 111
97 112
97 113
97 114
97 117
97 120
97 121
97 122
97 126
98 9
98 26
98 42
98 99
98 101
98 104
98 105
98 106
98 107
98 108
98 112
98 114
98 119
98 121
98 123
98 125
99 75
99 86
99 88
99 96
99 98
99 101
99 103
99 107
99 108
99 112
99 114
99 115
99 116
99 121
99 123
99 125
100 25
100 49
100 60
100 101
100 105
100 106
100 110
100 114
100 116
100 117
100 118
100 119
100 120
100 121
100 123
100 126
101 2
101 8
101 69
101 98
101 99
101 100
101 103
101 105
101 106
101 111
101 114
101 116
101 117
101 118
101 124
101 126
102 4
102 10
102 55
102 96
102 97
102 105
102 106
102 107
102 108
102 109
102 110
102 115
102 118
102 119
102 120
102 123
103 21
103 37
103 41
103 99
103 101
103 104
103 105
103 108
103 109
103 112
103 116
103 122
103 123
103 125
103 126
103 127
104 4
104 44
104 87
104 98
104 103
104 105
104 107
104 108
104 109
104 116
104 120
104 121
104 123
104 125
104 126
104 127
105 0
105 20
105 48
105 61
105 80
105 96
105 98
105 100
105 101
105 102
105 103
105 104
105 106
105 118
105 122
105 123
105 125
105 126
106 2
106 57
106 70
106 98
106 100
106 101
106 102
106 105
106 109
106 110
106 111
106 117
106 122
106 124
106 125
106 126
107 6
107 17
107 34
107 97
107 98
107 99
107 102
107 104
107 112
107 115
107 116
107 117
107 121
107 122
107 125
107 127
108 6
108 49
108 88
108 97
108 98
108 99
108 102
108 103
108 104
108 110
108 112
108 114
108 116
108 121
108 124
108 125
109 0
109 35
109 51
109 96
109 97
109 102
109 103
109 104
109 106
109 110
109 111
109 114
109 117
109 121
109 124
109 125
110 14
110 34
110 42
110 96
110 100
110 102
110 106
110 108
110 109
110 112
110 118
110 122
110 123
110 124
110 126
110 127
111 14
111 37
111 52
111 96
111 97
111 101
111 106
111 109
111 114
111 115
111 118
111 120
111 121
111 122
111 125
111 127
112 8
112 28
112 47
112 97
112 98
112 99
112 103
112 107
112 108
112 110
112 117
112 118
112 119
112 123
112 124
112 127
113 2
113 33
113 52
113 96
113 97
113 114
113 115
113 116
113 117
113 118
113 119
113 122
113 123
113 124
113 125
113 127
114 32
114 46
114 75
114 97
114 98
114 99
114 100
114 101
114 108
114 109
114 111
114 113
114 115
114 119
114 126
114 127
115 83
115 85
115 92
115 99
115 102
115 107
115 111
115 113
115 114
115 116
115 117
115 118
115 121
115 122
115 126
115 127
116 3
116 44
116 67
116 96
116 99
116 100
116 101
116 103
116 104
116 107
116 108
116 113
116 115
116 117
116 119
116 124
117 12
117 27
117 75
117 96
117 97
117 100
117 101
117 106
117 107
117 109
117 112
117 113
117 115
117 116
117 118
117 123
117 124
117 126
118 34
118 56
118 85
118 96
118 100
118 101
118 102
118 105
118 110
118 111
118 112
118 113
118 115
118 117
118 120
118 127
119 18
119 22
119 65
119 96
119 98
119 100
119 102
119 112
119 113
119 114
119 116
119 122
119 123
119 124
119 125
119 127
120 2
120 63
120 80
120 97
120 100
120 102
120 104
120 111
120 118
120 121
120 122
120 123
120 124
120 125
120 126
120 127
121 14
121 54
121 63
121 97
121 98
121 99
121 100
121 104
121 107
121 108
121 109
121 111
121 115
121 120
121 122
121 127
122 66
122 93
122 94
122 96
122 97
122 103
122 105
122 106
122 107
122 110
122 111
122 113
122 115
122 119
122 120
122 121
123 23
123 29
123 60
123 98
123 99
123 100
123 102
123 103
123 104
123 105
123 110
123 112
123 113
123 117
123 119
123 120
124 17
124 23
124 54
124 96
124 101
124 106
124 108
124 109
124 110
124 112
124 113
124 116
124 117
124 119
124 120
124 126
125 10
125 14
125 31
125 98
125 99
125 103
125 104
125 105
125 106
125 107
125 108
125 109
125 111
125 113
125 119
125 120
126 46
126 69
126 81
126 97
126 100
126 101
126 103
126 104
126 105
126 106
126 110
126 114
126 115
126 117
126 120
126 124
127 24
127 30
127 81
127 103
127 104
127 107
127 110
127 111
127 112
127 113
127 114
127 115
127 118
127 119
127 120
127 121
