0 1
0 2
0 4
0 6
0 8
0 12
0 14
0 16
0 18
0 19
0 23
0 27
0 38
0 39
0 41
0 65
0 69
0 73
0 81
0 112
1 0
1 3
1 8
1 9
1 13
1 15
1 23
1 24
1 25
1 26
1 27
1 28
1 30
1 31
1 44
1 58
1 85
1 90
1 100
2 0
2 6
2 9
2 10
2 14
2 16
2 18
2 19
2 23
2 27
2 30
2 31
2 41
2 49
2 52
2 78
2 118
3 1
3 5
3 6
3 8
3 10
3 23
3 26
3 27
3 28
3 29
3 30
3 31
3 39
3 44
3 61
3 63
3 83
3 123
4 0
4 5
4 6
4 8
4 11
4 13
4 14
4 19
4 22
4 26
4 27
4 29
4 55
4 72
4 74
4 80
4 84
4 94
4 96
5 3
5 4
5 6
5 8
5 11
5 12
5 14
5 15
5 16
5 17
5 19
5 29
5 67
5 90
5 103
5 114
6 0
6 2
6 3
6 4
6 5
6 7
6 8
6 13
6 17
6 22
6 24
6 25
6 35
6 37
6 46
6 47
6 65
6 99
6 100
6 110
6 113
7 6
7 10
7 12
7 15
7 20
7 21
7 22
7 24
7 25
7 26
7 28
7 29
7 63
7 68
7 89
7 125
8 0
8 1
8 3
8 4
8 5
8 6
8 10
8 16
8 20
8 21
8 24
8 29
8 55
8 111
8 117
8 121
9 1
9 2
9 12
9 17
9 19
9 20
9 21
9 23
9 24
9 27
9 29
9 31
9 59
9 78
9 98
9 107
10 2
10 3
10 7
10 8
10 11
10 12
10 20
10 21
10 22
10 27
10 28
10 29
10 31
10 58
10 77
10 78
10 91
10 124
10 127
11 4
11 5
11 10
11 13
11 17
11 20
11 22
11 24
11 25
11 26
11 30
11 31
11 43
11 68
11 75
11 80
11 106
11 126
12 0
12 5
12 7
12 9
12 10
12 14
12 16
12 20
12 22
12 24
12 27
12 28
12 44
12 48
12 53
12 68
12 86
12 94
12 105
13 1
13 4
13 6
13 11
13 14
13 15
13 16
13 18
13 19
13 20
13 30
13 31
13 48
13 52
13 88
13 108
13 114
13 119
14 0
14 2
14 4
14 5
14 12
14 13
14 15
14 16
14 19
14 20
14 24
14 26
14 57
14 60
14 64
14 101
14 104
15 1
15 5
15 7
15 13
15 14
15 16
15 17
15 19
15 22
15 23
15 25
15 27
15 48
15 83
15 96
15 112
15 118
16 0
16 2
16 5
16 8
16 12
16 13
16 14
16 15
16 20
16 24
16 28
16 29
16 48
16 57
16 72
16 74
16 79
16 83
17 5
17 6
17 9
17 11
17 15
17 18
17 19
17 22
17 24
17 26
17 30
17 31
17 36
17 44
17 79
17 87
17 92
17 107
17 115
17 124
17 126
18 0
18 2
18 13
18 17
18 19
18 20
18 21
18 22
18 23
18 26
18 27
18 29
18 34
18 40
18 45
18 81
18 99
19 0
19 2
19 4
19 5
19 9
19 13
19 14
19 15
19 17
19 18
19 20
19 23
19 28
19 66
19 78
19 84
19 107
19 109
19 114
20 7
20 8
20 9
20 10
20 11
20 12
20 13
20 14
20 16
20 18
20 19
20 30
20 43
20 58
20 117
20 125
21 7
21 8
21 9
21 10
21 18
21 23
21 24
21 25
21 26
21 27
21 29
21 30
21 35
21 38
21 40
21 51
21 92
21 122
22 4
22 6
22 7
22 10
22 11
22 12
22 15
22 17
22 18
22 28
22 29
22 30
22 31
22 35
22 38
22 46
22 49
22 102
23 0
23 1
23 2
23 3
23 9
23 15
23 18
23 19
23 21
23 26
23 27
23 31
23 32
23 67
23 85
23 93
23 108
23 117
24 1
24 6
24 7
24 8
24 9
24 11
24 12
24 14
24 16
24 17
24 21
24 25
24 26
24 28
24 30
24 37
24 40
24 60
24 63
24 71
24 80
24 107
24 110
25 1
25 6
25 7
25 11
25 15
25 21
25 24
25 26
25 28
25 29
25 30
25 31
25 47
25 56
25 58
25 73
25 80
25 102
26 1
26 3
26 4
26 7
26 11
26 14
26 17
26 18
26 21
26 23
26 24
26 25
26 38
26 39
26 51
26 52
26 53
26 60
26 112
26 120
27 0
27 1
27 2
27 3
27 4
27 9
27 10
27 12
27 15
27 18
27 21
27 23
27 33
27 99
27 101
27 103
27 105
27 110
28 1
28 3
28 7
28 10
28 12
28 16
28 19
28 22
28 24
28 25
28 30
28 31
28 71
28 72
28 76
28 106
28 115
28 124
29 3
29 4
29 5
29 7
29 8
29 9
29 10
29 16
29 18
29 21
29 22
29 25
29 32
29 59
29 61
29 86
29 93
29 96
29 116
29 122
29 126
30 1
30 2
30 3
30 11
30 13
30 17
30 20
30 21
30 22
30 24
30 25
30 28
30 46
30 60
30 65
30 85
31 1
31 2
31 3
31 9
31 10
31 11
31 13
31 17
31 22
31 23
31 25
31 28
31 47
31 54
31 64
31 87
31 95
31 97
31 108
31 120
32 23
32 29
32 36
32 38
32 41
32 43
32 46
32 48
32 51
32 52
32 54
32 55
32 61
32 62
32 64
32 66
32 116
33 27
33 36
33 40
33 42
33 44
33 47
33 49
33 52
33 54
33 57
33 58
33 60
33 61
33 89
33 103
33 121
34 18
34 35
34 36
34 41
34 42
34 43
34 45
34 48
34 51
34 52
34 57
34 59
34 62
34 63
34 95
34 105
34 113
34 118
35 6
35 21
35 22
35 34
35 36
35 37
35 38
35 43
35 46
35 48
35 49
35 54
35 55
35 57
35 58
35 67
35 89
36 17
36 32
36 33
36 34
36 35
36 45
36 48
36 54
36 56
36 58
36 61
36 62
36 63
36 71
36 88
36 95
36 113
36 115
37 6
37 24
37 35
37 39
37 41
37 42
37 45
37 46
37 48
37 49
37 54
37 55
37 59
37 60
37 85
37 94
37 107
37 111
38 0
38 21
38 22
38 26
38 32
38 35
38 39
38 50
38 52
38 53
38 54
38 56
38 59
38 60
38 61
38 62
38 88
39 0
39 3
39 26
39 37
39 38
39 41
39 42
39 43
39 45
39 48
39 50
39 57
39 58
39 59
39 60
39 64
39 104
39 106
39 120
40 18
40 21
40 24
40 33
40 41
40 42
40 44
40 46
40 47
40 52
40 53
40 54
40 56
40 59
40 61
40 70
41 0
41 2
41 32
41 34
41 37
41 39
41 40
41 43
41 48
41 49
41 53
41 56
41 59
41 61
41 95
41 100
41 119
42 33
42 34
42 37
42 39
42 40
42 48
42 49
42 51
42 52
42 53
42 55
42 60
42 103
42 108
42 119
42 125
43 11
43 20
43 32
43 34
43 35
43 39
43 41
43 49
43 51
43 52
43 53
43 55
43 57
43 58
43 82
43 97
43 111
43 116
44 1
44 3
44 12
44 17
44 33
44 40
44 46
44 53
44 55
44 56
44 57
44 58
44 59
44 61
44 62
44 63
44 94
45 18
45 34
45 36
45 37
45 39
45 46
45 48
45 49
45 50
45 53
45 55
45 59
45 63
45 65
45 93
45 117
45 122
45 123
46 6
46 22
46 30
46 32
46 35
46 37
46 40
46 44
46 45
46 48
46 49
46 50
46 53
46 55
46 59
46 124
47 6
47 25
47 31
47 33
47 40
47 48
47 49
47 50
47 51
47 52
47 57
47 58
47 60
47 61
47 62
47 75
48 12
48 13
48 15
48 16
48 32
48 34
48 35
48 36
48 37
48 39
48 41
48 42
48 45
48 46
48 47
48 60
48 84
48 127
49 2
49 22
49 33
49 35
49 37
49 41
49 42
49 43
49 45
49 46
49 47
49 57
49 59
49 61
49 82
49 109
50 38
50 39
50 45
50 46
50 47
50 51
50 53
50 54
50 56
50 58
50 61
50 62
50 63
50 66
50 70
50 122
50 126
51 21
51 26
51 32
51 34
51 42
51 43
51 47
51 50
51 52
51 54
51 55
51 59
51 61
51 62
51 71
51 75
51 77
52 2
52 13
52 26
52 32
52 33
52 34
52 38
52 40
52 42
52 43
52 47
52 51
52 53
52 56
52 60
52 74
52 76
52 109
53 12
53 26
53 38
53 40
53 41
53 42
53 43
53 44
53 45
53 46
53 50
53 52
53 58
53 61
53 67
53 73
53 75
53 82
53 88
54 31
54 32
54 33
54 35
54 36
54 37
54 38
54 40
54 50
54 51
54 57
54 58
54 63
54 69
54 73
54 74
54 87
54 98
55 4
55 8
55 32
55 35
55 37
55 42
55 43
55 44
55 45
55 46
55 51
55 56
55 59
55 63
55 83
55 108
55 110
56 25
56 36
56 38
56 40
56 41
56 44
56 50
56 52
56 55
56 57
56 58
56 60
56 62
56 63
56 79
56 89
56 90
56 104
56 108
56 114
57 14
57 16
57 33
57 34
57 35
57 39
57 43
57 44
57 47
57 49
57 54
57 56
57 62
57 63
57 69
57 86
57 93
58 1
58 10
58 20
58 25
58 33
58 35
58 36
58 39
58 43
58 44
58 47
58 50
58 53
58 54
58 56
58 60
59 9
59 29
59 34
59 37
59 38
59 39
59 40
59 41
59 44
59 45
59 46
59 49
59 51
59 55
59 63
59 91
59 92
59 106
60 14
60 24
60 26
60 30
60 33
60 37
60 38
60 39
60 42
60 47
60 48
60 52
60 56
60 58
60 62
60 63
60 127
61 3
61 29
61 32
61 33
61 36
61 38
61 40
61 41
61 44
61 47
61 49
61 50
61 51
61 53
61 70
61 86
61 100
61 125
62 32
62 34
62 36
62 38
62 44
62 47
62 50
62 51
62 56
62 57
62 60
62 63
62 81
62 84
62 98
62 101
63 3
63 7
63 24
63 34
63 36
63 44
63 45
63 50
63 54
63 55
63 56
63 57
63 59
63 60
63 62
63 69
63 116
63 118
64 14
64 31
64 32
64 39
64 69
64 72
64 75
64 76
64 77
64 80
64 82
64 83
64 85
64 88
64 90
64 93
64 111
65 0
65 6
65 30
65 45
65 66
65 69
65 72
65 75
65 76
65 78
65 80
65 84
65 85
65 92
65 93
65 94
66 19
66 32
66 50
66 65
66 67
66 69
66 70
66 81
66 83
66 86
66 89
66 90
66 92
66 93
66 94
66 105
67 5
67 23
67 35
67 53
67 66
67 73
67 77
67 78
67 82
67 83
67 84
67 85
67 86
67 87
67 88
67 90
67 92
67 95
68 7
68 11
68 12
68 69
68 70
68 71
68 76
68 80
68 81
68 82
68 84
68 85
68 89
68 91
68 95
68 99
69 0
69 54
69 57
69 63
69 64
69 65
69 66
69 68
69 75
69 78
69 79
69 84
69 90
69 91
69 92
69 93
70 40
70 50
70 61
70 66
70 68
70 71
70 75
70 77
70 78
70 80
70 85
70 87
70 91
70 92
70 93
70 119
71 24
71 28
71 36
71 51
71 68
71 70
71 73
71 75
71 80
71 83
71 85
71 87
71 89
71 92
71 93
71 94
71 123
72 4
72 16
72 28
72 64
72 65
72 75
72 78
72 79
72 80
72 81
72 84
72 87
72 88
72 89
72 92
72 102
72 123
73 0
73 25
73 53
73 54
73 67
73 71
73 76
73 79
73 80
73 81
73 83
73 85
73 89
73 91
73 92
73 94
74 4
74 16
74 52
74 54
74 76
74 77
74 78
74 84
74 87
74 88
74 89
74 90
74 91
74 93
74 94
74 95
75 11
75 47
75 51
75 53
75 64
75 65
75 69
75 70
75 71
75 72
75 76
75 79
75 80
75 83
75 84
75 91
76 28
76 52
76 64
76 65
76 68
76 73
76 74
76 75
76 83
76 85
76 86
76 88
76 92
76 94
76 98
76 108
76 115
77 10
77 51
77 64
77 67
77 70
77 74
77 78
77 81
77 83
77 87
77 91
77 92
77 93
77 94
77 97
77 108
77 120
77 125
78 2
78 9
78 10
78 19
78 65
78 67
78 69
78 70
78 72
78 74
78 77
78 79
78 81
78 84
78 90
78 95
78 96
79 16
79 17
79 56
79 69
79 72
79 73
79 75
79 78
79 83
79 89
79 91
79 92
79 93
79 94
79 95
79 121
80 4
80 11
80 24
80 25
80 64
80 65
80 68
80 70
80 71
80 72
80 73
80 75
80 82
80 83
80 85
80 92
81 0
81 18
81 62
81 66
81 68
81 72
81 73
81 77
81 78
81 83
81 87
81 88
81 90
81 91
81 93
81 97
81 112
81 127
82 43
82 49
82 53
82 64
82 67
82 68
82 80
82 83
82 85
82 86
82 88
82 89
82 91
82 94
82 95
82 119
83 3
83 15
83 16
83 55
83 64
83 66
83 67
83 71
83 73
83 75
83 76
83 77
83 79
83 80
83 81
83 82
84 4
84 19
84 48
84 62
84 65
84 67
84 68
84 69
84 72
84 74
84 75
84 78
84 86
84 90
84 91
84 95
85 1
85 23
85 30
85 37
85 64
85 65
85 67
85 68
85 70
85 71
85 73
85 76
85 80
85 82
85 88
85 91
85 94
85 95
86 12
86 29
86 57
86 61
86 66
86 67
86 76
86 82
86 84
86 87
86 88
86 89
86 90
86 93
86 94
86 95
87 17
87 31
87 54
87 67
87 70
87 71
87 72
87 74
87 77
87 81
87 86
87 90
87 93
87 94
87 95
87 101
87 104
88 13
88 36
88 38
88 53
88 64
88 67
88 72
88 74
88 76
88 81
88 82
88 85
88 86
88 89
88 90
88 95
89 7
89 33
89 35
89 56
89 66
89 68
89 71
89 72
89 73
89 74
89 79
89 82
89 86
89 88
89 90
89 95
90 1
90 5
90 56
90 64
90 66
90 67
90 69
90 74
90 78
90 81
90 84
90 86
90 87
90 88
90 89
90 109
90 113
90 121
91 10
91 59
91 68
91 69
91 70
91 73
91 74
91 75
91 77
91 79
91 81
91 82
91 84
91 85
91 102
91 125
92 17
92 21
92 59
92 65
92 66
92 67
92 69
92 70
92 71
92 72
92 73
92 76
92 77
92 79
92 80
92 101
93 23
93 29
93 45
93 57
93 64
93 65
93 66
93 69
93 70
93 71
93 74
93 77
93 79
93 81
93 86
93 87
94 4
94 12
94 37
94 44
94 65
94 66
94 71
94 73
94 74
94 76
94 77
94 79
94 82
94 85
94 86
94 87
95 31
95 34
95 36
95 41
95 67
95 68
95 74
95 78
95 79
95 82
95 84
95 85
95 86
95 87
95 88
95 89
96 4
96 15
96 29
96 78
96 99
96 101
96 102
96 103
96 104
96 106
96 110
96 111
96 115
96 118
96 123
96 127
97 31
97 43
97 77
97 81
97 98
97 103
97 104
97 106
97 111
97 112
97 113
97 114
97 118
97 119
97 124
97 126
98 9
98 54
98 62
98 76
98 97
98 99
98 100
98 101
98 106
98 109
98 110
98 114
98 115
98 117
98 123
98 127
99 6
99 18
99 27
99 68
99 96
99 98
99 101
99 109
99 115
99 116
99 117
99 119
99 120
99 122
99 125
99 127
100 1
100 6
100 41
100 61
100 98
100 104
100 109
100 110
100 111
100 112
100 113
100 115
100 116
100 117
100 119
100 123
101 14
101 27
101 62
101 87
101 92
101 96
101 98
101 99
101 103
101 104
101 109
101 114
101 115
101 120
101 121
101 125
101 127
102 22
102 25
102 72
102 91
102 96
102 104
102 105
102 106
102 107
102 109
102 111
102 113
102 117
102 122
102 126
102 127
103 5
103 27
103 33
103 42
103 96
103 97
103 101
103 105
103 106
103 107
103 110
103 112
103 116
103 119
103 120
103 121
104 14
104 39
104 56
104 87
104 96
104 97
104 100
104 101
104 102
104 105
104 106
104 108
104 118
104 123
104 124
104 126
105 12
105 27
105 34
105 66
105 102
105 103
105 104
105 108
105 111
105 112
105 114
105 115
105 117
105 118
105 122
105 125
106 11
106 28
106 39
106 59
106 96
106 97
106 98
106 102
106 103
106 104
106 108
106 110
106 112
106 122
106 123
106 124
107 9
107 17
107 19
107 24
107 37
107 102
107 103
107 109
107 110
107 111
107 119
107 120
107 121
107 122
107 124
107 125
107 126
108 13
108 23
108 31
108 42
108 55
108 56
108 76
108 77
108 104
108 105
108 106
108 109
108 110
108 113
108 114
108 117
108 118
108 121
108 123
108 127
109 19
109 49
109 52
109 90
109 98
109 99
109 100
109 101
109 102
109 107
109 108
109 111
109 112
109 115
109 121
109 127
110 6
110 24
110 27
110 55
110 96
110 98
110 100
110 103
110 106
110 107
110 108
110 117
110 121
110 122
110 124
110 125
111 8
111 37
111 43
111 64
111 96
111 97
111 100
111 102
111 105
111 107
111 109
111 114
111 120
111 123
111 125
111 126
112 0
112 15
112 26
112 81
112 97
112 100
112 103
112 105
112 106
112 109
112 113
112 115
112 116
112 120
112 121
112 124
113 6
113 34
113 36
113 90
113 97
113 100
113 102
113 108
113 112
113 114
113 116
113 118
113 120
113 123
113 124
113 126
114 5
114 13
114 19
114 56
114 97
114 98
114 101
114 105
114 108
114 111
114 113
114 117
114 118
114 122
114 124
114 126
115 17
115 28
115 36
115 76
115 96
115 98
115 99
115 100
115 101
115 105
115 109
115 112
115 117
115 119
115 124
115 127
116 29
116 32
116 43
116 63
116 99
116 100
116 103
116 112
116 113
116 117
116 119
116 120
116 122
116 124
116 125
116 127
117 8
117 20
117 23
117 45
117 98
117 99
117 100
117 102
117 105
117 108
117 110
117 114
117 115
117 116
117 119
117 123
118 2
118 15
118 34
118 63
118 96
118 97
118 104
118 105
118 108
118 113
118 114
118 119
118 121
118 122
118 123
118 126
119 13
119 41
119 42
119 70
119 82
119 97
119 99
119 100
119 103
119 107
119 115
119 116
119 117
119 118
119 124
119 125
119 126
120 26
120 31
120 39
120 77
120 99
120 101
120 103
120 107
120 111
120 112
120 113
120 116
120 121
120 122
120 123
120 126
121 8
121 33
121 79
121 90
121 101
121 103
121 107
121 108
121 109
121 110
121 112
121 118
121 120
121 123
121 125
121 126
122 21
122 29
122 45
122 50
122 99
122 102
122 105
122 106
122 107
122 110
122 114
122 116
122 118
122 120
122 125
122 127
123 3
123 45
123 71
123 72
123 96
123 98
123 100
123 104
123 106
123 108
123 111
123 113
123 117
123 118
123 120
123 121
124 10
124 17
124 28
124 46
124 97
124 104
124 106
124 107
124 110
124 112
124 113
124 114
124 115
124 116
124 119
124 125
125 7
125 20
125 42
125 61
125 77
125 91
125 99
125 101
125 105
125 107
125 110
125 111
125 116
125 119
125 121
125 122
125 124
125 127
126 11
126 17
126 29
126 50
126 97
126 102
126 104
126 107
126 111
126 113
126 114
126 118
126 119
126 120
126 121
126 127
127 10
127 48
127 60
127 81
127 96
127 98
127 99
127 101
127 102
127 108
127 109
127 115
127 116
127 122
127 125
127 126
