0 6
0 7
0 8
0 14
0 16
0 23
0 25
0 26
0 27
0 28
0 29
0 36
0 41
0 50
0 63
0 75
0 87
0 89
0 97
1 2
1 3
1 7
1 8
1 14
1 17
1 21
1 24
1 26
1 30
1 31
1 37
1 39
1 56
1 62
1 83
1 87
1 102
1 107
2 1
2 5
2 6
2 7
2 8
2 11
2 12
2 15
2 18
2 20
2 22
2 33
2 39
2 55
2 74
2 110
2 119
2 123
2 126
3 1
3 6
3 9
3 10
3 16
3 18
3 19
3 23
3 24
3 26
3 27
3 54
3 55
3 74
3 87
3 92
3 110
4 6
4 11
4 14
4 15
4 19
4 20
4 21
4 22
4 23
4 25
4 29
4 42
4 45
4 59
4 81
4 93
4 123
4 125
5 2
5 6
5 10
5 13
5 16
5 17
5 20
5 26
5 27
5 28
5 30
5 31
5 32
5 39
5 43
5 57
5 66
5 76
5 87
5 91
5 119
6 0
6 2
6 3
6 4
6 5
6 17
6 21
6 25
6 28
6 29
6 30
6 53
6 58
6 61
6 73
6 76
6 93
7 0
7 1
7 2
7 13
7 14
7 16
7 18
7 19
7 20
7 25
7 31
7 59
7 68
7 70
7 74
7 83
7 116
8 0
8 1
8 2
8 10
8 11
8 18
8 20
8 24
8 25
8 26
8 29
8 31
8 37
8 42
8 44
8 53
8 54
8 81
8 103
9 3
9 10
9 12
9 17
9 18
9 23
9 24
9 26
9 27
9 28
9 30
9 35
9 43
9 48
9 80
9 111
9 117
10 3
10 5
10 8
10 9
10 11
10 12
10 14
10 16
10 22
10 25
10 27
10 40
10 66
10 74
10 79
10 89
10 95
10 117
10 125
11 2
11 4
11 8
11 10
11 14
11 15
11 17
11 19
11 20
11 21
11 29
11 56
11 63
11 66
11 73
11 76
11 91
11 110
11 115
12 2
12 9
12 10
12 14
12 22
12 23
12 25
12 26
12 27
12 28
12 30
12 38
12 55
12 80
12 85
12 88
12 122
12 123
12 126
13 5
13 7
13 14
13 16
13 17
13 18
13 19
13 22
13 26
13 30
13 31
13 34
13 36
13 37
13 61
13 105
13 127
14 0
14 1
14 4
14 7
14 10
14 11
14 12
14 13
14 18
14 20
14 29
14 68
14 71
14 74
14 82
14 93
14 110
14 118
15 2
15 4
15 11
15 16
15 18
15 20
15 21
15 25
15 27
15 29
15 31
15 40
15 46
15 64
15 68
15 69
15 70
15 90
15 92
15 107
16 0
16 3
16 5
16 7
16 10
16 13
16 15
16 17
16 19
16 22
16 26
16 33
16 35
16 52
16 55
16 58
16 69
16 94
17 1
17 5
17 6
17 9
17 11
17 13
17 16
17 23
17 25
17 26
17 30
17 39
17 51
17 66
17 81
17 82
17 102
17 108
17 118
18 2
18 3
18 7
18 8
18 9
18 13
18 14
18 15
18 19
18 20
18 25
18 31
18 38
18 42
18 52
18 62
18 85
18 113
18 114
18 116
18 125
19 3
19 4
19 7
19 11
19 13
19 16
19 18
19 20
19 24
19 28
19 29
19 36
19 62
19 64
19 72
19 79
19 112
20 2
20 4
20 5
20 7
20 8
20 11
20 14
20 15
20 18
20 19
20 24
20 29
20 31
20 49
20 54
20 56
20 58
20 64
20 67
20 72
20 91
20 106
21 1
21 4
21 6
21 11
21 15
21 22
21 23
21 25
21 26
21 27
21 28
21 35
21 59
21 101
21 108
21 116
22 2
22 4
22 10
22 12
22 13
22 16
22 21
22 24
22 27
22 28
22 30
22 38
22 54
22 63
22 91
22 95
22 124
23 0
23 3
23 4
23 9
23 12
23 17
23 21
23 24
23 28
23 29
23 30
23 34
23 54
23 68
23 89
23 90
23 92
23 114
24 1
24 3
24 8
24 9
24 19
24 20
24 22
24 23
24 28
24 30
24 31
24 32
24 46
24 47
24 49
24 70
24 78
24 79
24 95
24 113
24 120
25 0
25 4
25 6
25 7
25 8
25 10
25 12
25 15
25 17
25 18
25 21
25 31
25 46
25 49
25 102
25 105
25 110
25 119
26 0
26 1
26 3
26 5
26 8
26 9
26 12
26 13
26 16
26 17
26 21
26 53
26 70
26 85
26 86
26 87
26 98
26 104
27 0
27 3
27 5
27 9
27 10
27 12
27 15
27 21
27 22
27 28
27 30
27 32
27 47
27 65
27 86
27 92
27 99
27 120
28 0
28 5
28 6
28 9
28 12
28 19
28 21
28 22
28 23
28 24
28 27
28 71
28 84
28 85
28 99
28 102
28 107
28 115
28 121
28 122
29 0
29 4
29 6
29 8
29 11
29 14
29 15
29 19
29 20
29 23
29 31
29 42
29 64
29 89
29 100
29 118
29 121
30 1
30 5
30 6
30 9
30 12
30 13
30 17
30 22
30 23
30 24
30 27
30 35
30 49
30 50
30 73
30 84
30 103
31 1
31 5
31 7
31 8
31 13
31 15
31 18
31 20
31 24
31 25
31 29
31 41
31 45
31 57
31 59
31 61
31 83
31 104
31 105
31 107
31 116
32 5
32 24
32 27
32 33
32 35
32 37
32 44
32 45
32 47
32 48
32 52
32 55
32 56
32 62
32 79
32 94
32 118
33 2
33 16
33 32
33 34
33 36
33 38
33 43
33 45
33 51
33 52
33 53
33 60
33 61
33 72
33 103
33 116
33 118
34 13
34 23
34 33
34 36
34 38
34 43
34 44
34 48
34 50
34 53
34 55
34 57
34 60
34 73
34 83
34 96
34 106
34 120
35 9
35 16
35 21
35 30
35 32
35 39
35 44
35 46
35 55
35 57
35 58
35 59
35 60
35 61
35 63
35 105
36 0
36 13
36 19
36 33
36 34
36 38
36 45
36 46
36 53
36 54
36 56
36 57
36 60
36 61
36 69
36 91
36 92
36 97
36 112
37 1
37 8
37 13
37 32
37 39
37 42
37 44
37 45
37 51
37 53
37 54
37 55
37 57
37 62
37 103
37 127
38 12
38 18
38 22
38 33
38 34
38 36
38 41
38 43
38 45
38 47
38 48
38 57
38 58
38 60
38 67
38 69
38 71
38 95
38 96
38 101
39 1
39 2
39 5
39 17
39 35
39 37
39 41
39 42
39 44
39 46
39 48
39 50
39 52
39 54
39 59
39 75
39 126
40 10
40 15
40 42
40 44
40 45
40 46
40 50
40 51
40 53
40 54
40 55
40 60
40 61
40 86
40 109
40 114
41 0
41 31
41 38
41 39
41 42
41 43
41 45
41 47
41 49
41 56
41 57
41 58
41 63
41 82
41 88
41 104
42 4
42 8
42 18
42 29
42 37
42 39
42 40
42 41
42 49
42 52
42 55
42 56
42 57
42 61
42 62
42 81
43 5
43 9
43 33
43 34
43 38
43 41
43 45
43 47
43 49
43 50
43 53
43 54
43 55
43 65
43 90
43 93
43 108
43 109
43 111
43 118
43 126
44 8
44 32
44 34
44 35
44 37
44 39
44 40
44 46
44 54
44 61
44 62
44 63
44 88
44 96
44 98
44 99
44 109
45 4
45 31
45 32
45 33
45 36
45 37
45 38
45 40
45 41
45 43
45 47
45 52
45 60
45 81
45 95
45 121
46 15
46 24
46 25
46 35
46 36
46 39
46 40
46 44
46 48
46 49
46 51
46 52
46 54
46 57
46 82
46 104
47 24
47 27
47 32
47 38
47 41
47 43
47 45
47 49
47 51
47 53
47 58
47 61
47 63
47 73
47 84
47 113
47 119
48 9
48 32
48 34
48 38
48 39
48 46
48 49
48 50
48 51
48 53
48 58
48 59
48 65
48 87
48 96
48 120
48 121
49 20
49 24
49 25
49 30
49 41
49 42
49 43
49 46
49 47
49 48
49 53
49 56
49 57
49 58
49 62
49 67
49 94
50 0
50 30
50 34
50 39
50 40
50 43
50 48
50 51
50 55
50 56
50 57
50 58
50 63
50 75
50 79
50 87
50 117
51 17
51 33
51 37
51 40
51 46
51 47
51 48
51 50
51 55
51 58
51 61
51 63
51 94
51 99
51 122
51 125
51 127
52 16
52 18
52 32
52 33
52 39
52 42
52 45
52 46
52 54
52 57
52 59
52 60
52 62
52 65
52 83
52 102
52 122
53 6
53 8
53 26
53 33
53 34
53 36
53 37
53 40
53 43
53 47
53 48
53 49
53 55
53 59
53 101
53 107
54 3
54 8
54 20
54 22
54 23
54 36
54 37
54 39
54 40
54 43
54 44
54 46
54 52
54 58
54 62
54 63
54 88
54 113
55 2
55 3
55 12
55 16
55 32
55 34
55 35
55 37
55 40
55 42
55 43
55 50
55 51
55 53
55 62
55 80
55 93
56 1
56 11
56 20
56 32
56 36
56 41
56 42
56 49
56 50
56 58
56 59
56 60
56 62
56 63
56 66
56 97
56 101
56 112
57 5
57 31
57 34
57 35
57 36
57 37
57 38
57 41
57 42
57 46
57 49
57 50
57 52
57 64
57 67
57 77
57 90
57 106
58 6
58 16
58 20
58 35
58 38
58 41
58 47
58 48
58 49
58 50
58 51
58 54
58 56
58 59
58 72
58 97
58 98
58 115
59 4
59 7
59 21
59 31
59 35
59 39
59 48
59 52
59 53
59 56
59 58
59 60
59 61
59 62
59 63
59 85
59 113
60 33
60 34
60 35
60 36
60 38
60 40
60 45
60 52
60 56
60 59
60 63
60 67
60 75
60 84
60 86
60 90
60 120
60 124
61 6
61 13
61 31
61 33
61 35
61 36
61 40
61 42
61 44
61 47
61 51
61 59
61 62
61 63
61 69
61 71
61 112
61 124
62 1
62 18
62 19
62 32
62 37
62 42
62 44
62 49
62 52
62 54
62 55
62 56
62 59
62 61
62 75
62 86
62 117
63 0
63 11
63 22
63 35
63 41
63 44
63 47
63 50
63 51
63 54
63 56
63 59
63 60
63 61
63 89
63 100
63 115
64 15
64 19
64 20
64 29
64 57
64 65
64 70
64 71
64 72
64 75
64 79
64 81
64 82
64 84
64 88
64 95
64 99
64 115
65 27
65 43
65 48
65 52
65 64
65 66
65 67
65 69
65 70
65 71
65 72
65 85
65 86
65 93
65 95
65 108
65 125
66 5
66 10
66 11
66 17
66 56
66 65
66 76
66 77
66 80
66 82
66 83
66 85
66 87
66 89
66 93
66 95
67 20
67 38
67 49
67 57
67 60
67 65
67 73
67 75
67 78
67 79
67 81
67 84
67 86
67 89
67 91
67 95
68 7
68 14
68 15
68 23
68 69
68 77
68 78
68 82
68 83
68 84
68 85
68 87
68 91
68 93
68 94
68 97
68 109
68 123
69 15
69 16
69 36
69 38
69 61
69 65
69 68
69 71
69 73
69 74
69 76
69 77
69 79
69 81
69 86
69 92
70 7
70 15
70 24
70 26
70 64
70 65
70 74
70 75
70 77
70 78
70 82
70 86
70 87
70 90
70 92
70 109
71 14
71 28
71 38
71 61
71 64
71 65
71 69
71 73
71 76
71 78
71 79
71 81
71 82
71 87
71 90
71 93
71 94
71 104
72 19
72 20
72 33
72 58
72 64
72 65
72 74
72 75
72 77
72 82
72 83
72 84
72 85
72 89
72 92
72 93
72 117
73 6
73 11
73 30
73 34
73 47
73 67
73 69
73 71
73 74
73 75
73 78
73 83
73 84
73 87
73 89
73 91
74 2
74 3
74 7
74 10
74 14
74 69
74 70
74 72
74 73
74 76
74 81
74 82
74 87
74 88
74 91
74 93
74 98
74 108
75 0
75 39
75 50
75 60
75 62
75 64
75 67
75 70
75 72
75 73
75 81
75 82
75 83
75 84
75 87
75 90
75 100
76 5
76 6
76 11
76 66
76 69
76 71
76 74
76 79
76 81
76 82
76 89
76 92
76 94
76 95
76 105
76 114
77 57
77 66
77 68
77 69
77 70
77 72
77 79
77 82
77 85
77 87
77 89
77 94
77 101
77 106
77 121
77 125
78 24
78 67
78 68
78 70
78 71
78 73
78 82
78 86
78 87
78 91
78 94
78 95
78 98
78 101
78 103
78 106
79 10
79 19
79 24
79 32
79 50
79 64
79 67
79 69
79 71
79 76
79 77
79 85
79 88
79 92
79 93
79 94
79 100
80 9
80 12
80 55
80 66
80 81
80 83
80 84
80 86
80 87
80 88
80 89
80 91
80 93
80 94
80 95
80 106
80 123
81 4
81 8
81 17
81 42
81 45
81 64
81 67
81 69
81 71
81 74
81 75
81 76
81 80
81 85
81 88
81 91
81 114
82 14
82 17
82 41
82 46
82 64
82 66
82 68
82 70
82 71
82 72
82 74
82 75
82 76
82 77
82 78
82 119
82 124
83 1
83 7
83 31
83 34
83 52
83 66
83 68
83 72
83 73
83 75
83 80
83 84
83 87
83 91
83 92
83 94
83 127
84 28
84 30
84 47
84 60
84 64
84 67
84 68
84 72
84 73
84 75
84 80
84 83
84 90
84 92
84 95
84 105
85 12
85 18
85 26
85 28
85 59
85 65
85 66
85 68
85 72
85 77
85 79
85 81
85 86
85 88
85 89
85 92
86 26
86 27
86 40
86 60
86 62
86 65
86 67
86 69
86 70
86 78
86 80
86 85
86 91
86 92
86 94
86 95
87 0
87 1
87 3
87 5
87 26
87 48
87 50
87 66
87 68
87 70
87 71
87 73
87 74
87 75
87 77
87 78
87 80
87 83
87 111
87 112
87 124
88 12
88 41
88 44
88 54
88 64
88 74
88 79
88 80
88 81
88 85
88 89
88 90
88 91
88 92
88 93
88 111
88 125
89 0
89 10
89 23
89 29
89 63
89 66
89 67
89 72
89 73
89 76
89 77
89 80
89 85
89 88
89 90
89 93
89 94
89 95
89 96
90 15
90 23
90 43
90 57
90 60
90 70
90 71
90 75
90 84
90 88
90 89
90 91
90 92
90 93
90 94
90 95
91 5
91 11
91 20
91 22
91 36
91 67
91 68
91 73
91 74
91 78
91 80
91 81
91 83
91 86
91 88
91 90
91 126
92 3
92 15
92 23
92 27
92 36
92 69
92 70
92 72
92 76
92 79
92 83
92 84
92 85
92 86
92 88
92 90
92 100
93 4
93 6
93 14
93 43
93 55
93 65
93 66
93 68
93 71
93 72
93 74
93 79
93 80
93 88
93 89
93 90
94 16
94 32
94 49
94 51
94 68
94 71
94 76
94 77
94 78
94 79
94 80
94 83
94 86
94 89
94 90
94 111
94 127
95 10
95 22
95 24
95 38
95 45
95 64
95 65
95 66
95 67
95 76
95 78
95 80
95 84
95 86
95 89
95 90
95 122
96 34
96 38
96 44
96 48
96 89
96 97
96 101
96 102
96 104
96 109
96 113
96 117
96 120
96 121
96 122
96 125
97 0
97 36
97 56
97 58
97 68
97 96
97 102
97 105
97 106
97 107
97 108
97 109
97 110
97 113
97 121
97 126
98 26
98 44
98 58
98 74
98 78
98 100
98 101
98 102
98 107
98 109
98 110
98 111
98 114
98 117
98 124
98 126
99 27
99 28
99 44
99 51
99 64
99 100
99 105
99 111
99 112
99 113
99 116
99 117
99 118
99 122
99 124
99 126
100 29
100 63
100 75
100 79
100 92
100 98
100 99
100 101
100 102
100 112
100 115
100 118
100 120
100 121
100 122
100 124
101 21
101 38
101 53
101 56
101 77
101 78
101 96
101 98
101 100
101 103
101 104
101 105
101 108
101 115
101 116
101 117
101 122
102 1
102 17
102 25
102 28
102 52
102 96
102 97
102 98
102 100
102 103
102 108
102 109
102 110
102 111
102 117
102 127
103 8
103 30
103 33
103 37
103 78
103 101
103 102
103 106
103 109
103 111
103 113
103 115
103 117
103 120
103 125
103 126
104 26
104 31
104 41
104 46
104 71
104 96
104 101
104 107
104 108
104 113
104 116
104 118
104 119
104 121
104 124
104 125
104 127
105 13
105 25
105 31
105 35
105 76
105 84
105 97
105 99
105 101
105 107
105 109
105 112
105 115
105 116
105 117
105 119
105 125
106 20
106 34
106 57
106 77
106 78
106 80
106 97
106 103
106 108
106 111
106 114
106 118
106 119
106 121
106 124
106 125
106 126
107 1
107 15
107 28
107 31
107 53
107 97
107 98
107 104
107 105
107 108
107 109
107 111
107 116
107 118
107 119
107 121
107 127
108 17
108 21
108 43
108 65
108 74
108 97
108 101
108 102
108 104
108 106
108 107
108 110
108 115
108 116
108 121
108 124
109 40
109 43
109 44
109 68
109 70
109 96
109 97
109 98
109 102
109 103
109 105
109 107
109 113
109 118
109 121
109 127
110 2
110 3
110 11
110 14
110 25
110 97
110 98
110 102
110 108
110 115
110 119
110 120
110 123
110 124
110 125
110 126
111 9
111 43
111 87
111 88
111 94
111 98
111 99
111 102
111 103
111 106
111 107
111 112
111 116
111 117
111 122
111 123
112 19
112 36
112 56
112 61
112 87
112 99
112 100
112 105
112 111
112 113
112 114
112 115
112 118
112 121
112 123
112 127
113 18
113 24
113 47
113 54
113 59
113 96
113 97
113 99
113 103
113 104
113 109
113 112
113 115
113 118
113 121
113 126
114 18
114 23
114 40
114 76
114 81
114 98
114 106
114 112
114 116
114 117
114 118
114 119
114 121
114 122
114 125
114 127
115 11
115 28
115 58
115 63
115 64
115 100
115 101
115 103
115 105
115 108
115 110
115 112
115 113
115 116
115 117
115 123
116 7
116 18
116 21
116 31
116 33
116 99
116 101
116 104
116 105
116 107
116 108
116 111
116 114
116 115
116 117
116 120
117 9
117 10
117 50
117 62
117 72
117 96
117 98
117 99
117 101
117 102
117 103
117 105
117 111
117 114
117 115
117 116
118 14
118 17
118 29
118 32
118 33
118 43
118 99
118 100
118 104
118 106
118 107
118 109
118 112
118 113
118 114
118 120
118 123
119 2
119 5
119 25
119 47
119 82
119 104
119 105
119 106
119 107
119 110
119 114
119 120
119 122
119 123
119 125
119 126
120 24
120 27
120 34
120 48
120 60
120 96
120 100
120 103
120 110
120 116
120 118
120 119
120 122
120 124
120 125
120 127
121 28
121 29
121 45
121 48
121 77
121 96
121 97
121 100
121 104
121 106
121 107
121 108
121 109
121 112
121 113
121 114
122 12
122 28
122 51
122 52
122 95
122 96
122 99
122 100
122 101
122 111
122 114
122 119
122 120
122 123
122 125
122 127
123 2
123 4
123 12
123 68
123 80
123 110
123 111
123 112
123 115
123 118
123 119
123 122
123 124
123 125
123 126
123 127
124 22
124 60
124 61
124 82
124 87
124 98
124 99
124 100
124 104
124 106
124 108
124 110
124 120
124 123
124 126
124 127
125 4
125 10
125 18
125 51
125 65
125 77
125 88
125 96
125 103
125 104
125 105
125 106
125 110
125 114
125 119
125 120
125 122
125 123
126 2
126 12
126 39
126 43
126 91
126 97
126 98
126 99
126 103
126 106
126 110
126 113
126 119
126 123
126 124
126 127
127 13
127 37
127 51
127 83
127 94
127 102
127 104
127 107
127 109
127 112
127 114
127 120
127 122
127 123
127 124
127 126
