0 1
0 2
0 3
0 6
0 11
0 13
0 20
0 25
0 27
0 28
0 35
0 41
0 43
0 53
0 57
0 71
0 75
0 87
0 101
0 103
0 125
1 0
1 6
1 8
1 11
1 12
1 13
1 22
1 23
1 26
1 28
1 49
1 57
1 58
1 64
1 117
1 125
1 127
2 0
2 3
2 5
2 6
2 9
2 10
2 13
2 17
2 18
2 23
2 36
2 42
2 49
2 65
2 73
2 94
2 98
2 100
2 103
2 106
3 0
3 2
3 4
3 6
3 8
3 12
3 15
3 18
3 19
3 23
3 37
3 38
3 63
3 72
3 81
3 93
3 105
3 106
3 114
4 3
4 5
4 6
4 10
4 14
4 15
4 16
4 19
4 26
4 27
4 32
4 33
4 42
4 59
4 96
4 110
4 122
4 126
5 2
5 4
5 9
5 10
5 13
5 14
5 15
5 18
5 22
5 24
5 69
5 73
5 89
5 96
5 114
5 124
6 0
6 1
6 2
6 3
6 4
6 12
6 16
6 22
6 28
6 29
6 32
6 34
6 44
6 46
6 60
6 78
6 88
6 110
7 8
7 9
7 10
7 12
7 13
7 15
7 21
7 22
7 26
7 30
7 44
7 66
7 69
7 70
7 74
7 82
7 112
7 123
8 1
8 3
8 7
8 9
8 14
8 16
8 21
8 26
8 27
8 29
8 35
8 37
8 39
8 40
8 45
8 51
8 52
8 63
8 73
8 97
8 105
8 113
8 123
9 2
9 5
9 7
9 8
9 12
9 18
9 21
9 24
9 28
9 31
9 39
9 48
9 60
9 83
9 107
9 118
10 2
10 4
10 5
10 7
10 12
10 16
10 17
10 22
10 23
10 28
10 48
10 52
10 53
10 54
10 85
10 89
10 101
10 114
10 125
11 0
11 1
11 14
11 17
11 18
11 19
11 23
11 26
11 28
11 31
11 33
11 36
11 53
11 54
11 68
11 76
11 79
11 93
11 98
11 116
11 121
12 1
12 3
12 6
12 7
12 9
12 10
12 14
12 15
12 21
12 23
12 32
12 34
12 50
12 54
12 60
12 67
12 77
12 111
12 116
12 120
13 0
13 1
13 2
13 5
13 7
13 15
13 17
13 23
13 28
13 30
13 45
13 49
13 73
13 80
13 93
13 111
13 119
14 4
14 5
14 8
14 11
14 12
14 20
14 22
14 24
14 28
14 30
14 51
14 63
14 69
14 109
14 110
14 116
14 122
14 127
15 3
15 4
15 5
15 7
15 12
15 13
15 23
15 24
15 25
15 29
15 30
15 31
15 34
15 48
15 55
15 59
15 62
15 74
15 87
15 97
16 4
16 6
16 8
16 10
16 19
16 22
16 25
16 26
16 27
16 28
16 32
16 38
16 50
16 52
16 61
16 69
16 71
16 75
16 86
16 90
16 117
16 126
17 2
17 10
17 11
17 13
17 19
17 20
17 21
17 24
17 25
17 27
17 29
17 30
17 31
17 33
17 37
17 51
17 61
17 62
17 91
17 98
17 99
18 2
18 3
18 5
18 9
18 11
18 19
18 22
18 26
18 28
18 30
18 47
18 56
18 62
18 66
18 86
18 92
18 99
18 106
18 110
18 118
18 122
19 3
19 4
19 11
19 16
19 17
19 18
19 22
19 24
19 27
19 31
19 37
19 39
19 51
19 56
19 81
19 84
19 89
19 108
19 112
19 124
20 0
20 14
20 17
20 22
20 24
20 25
20 27
20 29
20 30
20 31
20 33
20 35
20 64
20 80
20 82
20 99
20 100
20 115
20 127
21 7
21 8
21 9
21 12
21 17
21 26
21 27
21 29
21 30
21 31
21 46
21 47
21 57
21 59
21 73
21 78
21 82
21 85
21 109
21 121
22 1
22 5
22 6
22 7
22 10
22 14
22 16
22 18
22 19
22 20
22 25
22 45
22 46
22 72
22 84
22 89
22 104
22 105
22 124
23 1
23 2
23 3
23 10
23 11
23 12
23 13
23 15
23 27
23 31
23 37
23 40
23 42
23 56
23 59
23 67
23 83
23 102
23 104
23 125
24 5
24 9
24 14
24 15
24 17
24 19
24 20
24 26
24 27
24 29
24 60
24 65
24 66
24 87
24 101
24 102
24 103
24 127
25 0
25 15
25 16
25 17
25 20
25 22
25 26
25 29
25 30
25 31
25 39
25 40
25 41
25 45
25 50
25 77
25 84
25 88
25 102
25 107
25 119
26 1
26 4
26 7
26 8
26 11
26 16
26 18
26 21
26 24
26 25
26 41
26 43
26 50
26 59
26 68
26 81
26 85
26 90
26 98
27 0
27 4
27 8
27 16
27 17
27 19
27 20
27 21
27 23
27 24
27 46
27 48
27 57
27 61
27 71
27 75
27 89
27 95
27 99
27 114
27 120
28 0
28 1
28 6
28 9
28 10
28 11
28 13
28 14
28 16
28 18
28 43
28 56
28 62
28 76
28 94
28 111
28 122
29 6
29 8
29 15
29 17
29 20
29 21
29 24
29 25
29 30
29 31
29 36
29 45
29 50
29 61
29 71
29 75
29 94
29 100
29 104
29 106
29 110
30 7
30 13
30 14
30 15
30 17
30 18
30 20
30 21
30 25
30 29
30 49
30 55
30 68
30 74
30 86
30 87
30 92
30 95
30 105
30 111
30 112
31 9
31 11
31 15
31 17
31 19
31 20
31 21
31 23
31 25
31 29
31 32
31 35
31 38
31 39
31 41
31 58
31 70
31 79
31 85
31 91
31 123
31 124
32 4
32 6
32 12
32 16
32 31
32 35
32 37
32 40
32 41
32 43
32 44
32 51
32 57
32 61
32 62
32 70
32 96
33 4
33 11
33 17
33 20
33 34
33 36
33 41
33 47
33 50
33 52
33 54
33 57
33 60
33 61
33 81
33 83
33 105
33 115
34 6
34 12
34 15
34 33
34 37
34 40
34 43
34 44
34 46
34 51
34 53
34 59
34 61
34 78
34 91
34 96
34 105
34 113
35 0
35 8
35 20
35 31
35 32
35 36
35 39
35 48
35 49
35 54
35 56
35 58
35 61
35 63
35 65
35 81
36 2
36 11
36 29
36 33
36 35
36 41
36 44
36 45
36 56
36 59
36 61
36 62
36 63
36 72
36 76
36 100
36 104
36 119
37 3
37 8
37 17
37 19
37 23
37 32
37 34
37 39
37 46
37 47
37 51
37 55
37 56
37 58
37 60
37 62
37 70
37 72
37 87
38 3
38 16
38 31
38 39
38 40
38 44
38 46
38 52
38 53
38 55
38 57
38 58
38 59
38 64
38 74
38 95
38 103
38 108
38 114
38 122
39 8
39 9
39 19
39 25
39 31
39 35
39 37
39 38
39 46
39 51
39 55
39 57
39 58
39 60
39 62
39 91
39 93
39 110
40 8
40 23
40 25
40 32
40 34
40 38
40 43
40 46
40 47
40 49
40 54
40 61
40 63
40 72
40 86
40 87
40 96
41 0
41 25
41 26
41 31
41 32
41 33
41 36
41 42
41 45
41 51
41 54
41 56
41 59
41 63
41 77
41 90
41 95
42 2
42 4
42 23
42 41
42 43
42 44
42 52
42 53
42 54
42 56
42 57
42 58
42 61
42 71
42 85
42 92
42 97
42 109
43 0
43 26
43 28
43 32
43 34
43 40
43 42
43 47
43 52
43 55
43 56
43 60
43 63
43 64
43 88
43 97
43 108
43 111
44 6
44 7
44 32
44 34
44 36
44 38
44 42
44 48
44 54
44 58
44 59
44 62
44 69
44 90
44 96
44 127
45 8
45 13
45 22
45 25
45 29
45 36
45 41
45 46
45 47
45 48
45 51
45 53
45 54
45 59
45 60
45 62
45 63
45 67
45 73
45 119
45 120
46 6
46 21
46 22
46 27
46 34
46 37
46 38
46 39
46 40
46 45
46 51
46 54
46 61
46 62
46 75
46 80
46 119
47 18
47 21
47 33
47 37
47 40
47 43
47 45
47 48
47 53
47 54
47 56
47 59
47 67
47 76
47 89
47 92
47 97
48 9
48 10
48 15
48 27
48 35
48 44
48 45
48 47
48 53
48 54
48 56
48 57
48 59
48 63
48 74
48 109
48 113
49 1
49 2
49 13
49 30
49 35
49 40
49 50
49 51
49 53
49 55
49 58
49 59
49 61
49 63
49 78
49 121
50 12
50 16
50 25
50 26
50 29
50 33
50 49
50 51
50 52
50 53
50 57
50 58
50 59
50 61
50 62
50 74
50 75
50 84
50 118
51 8
51 14
51 17
51 19
51 32
51 34
51 37
51 39
51 41
51 45
51 46
51 49
51 50
51 60
51 80
51 91
51 121
52 8
52 10
52 16
52 33
52 38
52 42
52 43
52 50
52 55
52 56
52 57
52 60
52 62
52 66
52 88
52 96
52 99
52 101
53 0
53 10
53 11
53 34
53 38
53 42
53 45
53 47
53 48
53 49
53 50
53 56
53 57
53 69
53 76
53 94
53 108
53 124
54 10
54 11
54 12
54 33
54 35
54 40
54 41
54 42
54 44
54 45
54 46
54 47
54 48
54 64
54 76
54 85
54 95
54 109
54 116
54 126
55 15
55 30
55 37
55 38
55 39
55 43
55 49
55 52
55 58
55 60
55 62
55 63
55 77
55 82
55 84
55 93
55 95
56 18
56 19
56 23
56 28
56 35
56 36
56 37
56 41
56 42
56 43
56 47
56 48
56 52
56 53
56 72
56 103
56 109
57 0
57 1
57 21
57 27
57 32
57 33
57 38
57 39
57 42
57 48
57 50
57 52
57 53
57 58
57 83
57 117
57 118
57 121
58 1
58 31
58 35
58 37
58 38
58 39
58 42
58 44
58 49
58 50
58 55
58 57
58 60
58 64
58 68
58 77
58 83
58 126
59 4
59 15
59 21
59 23
59 26
59 34
59 36
59 38
59 41
59 44
59 45
59 47
59 48
59 49
59 50
59 80
59 92
59 93
59 102
60 6
60 9
60 12
60 24
60 33
60 37
60 39
60 43
60 45
60 51
60 52
60 55
60 58
60 63
60 80
60 83
60 96
60 100
60 104
61 16
61 17
61 27
61 29
61 32
61 33
61 34
61 35
61 36
61 40
61 42
61 46
61 49
61 50
61 101
61 108
62 15
62 17
62 18
62 28
62 32
62 36
62 37
62 39
62 44
62 45
62 46
62 50
62 52
62 55
62 112
62 118
62 123
63 3
63 8
63 14
63 35
63 36
63 40
63 41
63 43
63 45
63 48
63 49
63 55
63 60
63 79
63 81
63 101
63 106
63 114
63 121
64 1
64 20
64 38
64 43
64 54
64 58
64 66
64 67
64 72
64 75
64 76
64 77
64 82
64 86
64 93
64 94
64 123
65 2
65 24
65 35
65 67
65 68
65 72
65 75
65 77
65 80
65 81
65 89
65 93
65 94
65 98
65 99
65 123
65 126
65 127
66 7
66 18
66 24
66 52
66 64
66 67
66 69
66 71
66 83
66 84
66 86
66 87
66 90
66 94
66 107
66 127
67 12
67 23
67 45
67 47
67 64
67 65
67 66
67 69
67 74
67 76
67 79
67 85
67 86
67 95
67 97
67 102
67 104
68 11
68 26
68 30
68 58
68 65
68 70
68 72
68 75
68 79
68 83
68 84
68 86
68 87
68 94
68 104
68 116
69 5
69 7
69 14
69 16
69 44
69 53
69 66
69 67
69 76
69 77
69 79
69 86
69 88
69 90
69 91
69 94
70 7
70 31
70 32
70 37
70 68
70 71
70 74
70 75
70 76
70 82
70 87
70 88
70 89
70 91
70 112
70 115
71 0
71 16
71 27
71 29
71 42
71 66
71 70
71 76
71 81
71 82
71 88
71 89
71 92
71 93
71 94
71 96
71 103
71 113
72 3
72 22
72 36
72 37
72 40
72 56
72 64
72 65
72 68
72 74
72 78
72 80
72 83
72 85
72 87
72 90
72 117
73 2
73 5
73 8
73 13
73 21
73 45
73 76
73 78
73 79
73 80
73 81
73 82
73 84
73 85
73 86
73 90
74 7
74 15
74 30
74 38
74 48
74 50
74 67
74 70
74 72
74 76
74 79
74 85
74 86
74 87
74 93
74 94
75 0
75 16
75 27
75 29
75 46
75 50
75 64
75 65
75 68
75 70
75 79
75 82
75 84
75 87
75 90
75 91
75 115
76 11
76 28
76 36
76 47
76 53
76 54
76 64
76 67
76 69
76 70
76 71
76 73
76 74
76 81
76 86
76 94
76 124
77 12
77 25
77 41
77 55
77 58
77 64
77 65
77 69
77 82
77 85
77 88
77 89
77 90
77 92
77 95
77 104
78 6
78 21
78 34
78 49
78 72
78 73
78 82
78 83
78 84
78 87
78 90
78 92
78 93
78 94
78 100
78 110
79 11
79 31
79 63
79 67
79 68
79 69
79 73
79 74
79 75
79 80
79 86
79 90
79 94
79 98
79 104
79 112
79 113
80 13
80 20
80 46
80 51
80 59
80 60
80 65
80 72
80 73
80 79
80 83
80 84
80 87
80 88
80 90
80 92
80 113
81 3
81 19
81 26
81 33
81 35
81 63
81 65
81 71
81 73
81 76
81 83
81 85
81 86
81 87
81 90
81 95
81 102
81 107
82 7
82 20
82 21
82 55
82 64
82 70
82 71
82 73
82 75
82 77
82 78
82 85
82 89
82 91
82 93
82 95
82 125
82 126
83 9
83 23
83 33
83 57
83 58
83 60
83 66
83 68
83 72
83 78
83 80
83 81
83 84
83 85
83 88
83 91
83 106
83 118
84 19
84 22
84 25
84 50
84 55
84 66
84 68
84 73
84 75
84 78
84 80
84 83
84 87
84 91
84 93
84 101
85 10
85 21
85 26
85 31
85 42
85 54
85 67
85 72
85 73
85 74
85 77
85 81
85 82
85 83
85 89
85 92
85 107
86 16
86 18
86 30
86 40
86 64
86 66
86 67
86 68
86 69
86 73
86 74
86 76
86 79
86 81
86 93
86 95
86 122
86 125
87 0
87 15
87 24
87 30
87 37
87 40
87 66
87 68
87 70
87 72
87 74
87 75
87 78
87 80
87 81
87 84
88 6
88 25
88 43
88 52
88 69
88 70
88 71
88 77
88 80
88 83
88 89
88 91
88 92
88 95
88 116
88 127
89 5
89 10
89 19
89 22
89 27
89 47
89 65
89 70
89 71
89 77
89 82
89 85
89 88
89 91
89 92
89 95
89 115
90 16
90 26
90 41
90 44
90 66
90 69
90 72
90 73
90 75
90 77
90 78
90 79
90 80
90 81
90 111
90 117
90 120
91 17
91 31
91 34
91 39
91 51
91 69
91 70
91 75
91 82
91 83
91 84
91 88
91 89
91 92
91 95
91 115
92 18
92 30
92 42
92 47
92 59
92 71
92 77
92 78
92 80
92 85
92 88
92 89
92 91
92 93
92 95
92 108
92 119
93 3
93 11
93 13
93 39
93 55
93 59
93 64
93 65
93 71
93 74
93 78
93 82
93 84
93 86
93 92
93 95
94 2
94 28
94 29
94 53
94 64
94 65
94 66
94 68
94 69
94 71
94 74
94 76
94 78
94 79
94 107
94 117
94 120
95 27
95 30
95 38
95 41
95 54
95 55
95 67
95 77
95 81
95 82
95 86
95 88
95 89
95 91
95 92
95 93
95 120
96 4
96 5
96 32
96 34
96 40
96 44
96 52
96 60
96 71
96 98
96 99
96 103
96 107
96 109
96 110
96 113
96 116
96 123
96 124
97 8
97 15
97 42
97 43
97 47
97 67
97 98
97 102
97 104
97 105
97 106
97 109
97 119
97 121
97 124
97 125
97 126
97 127
98 2
98 11
98 17
98 26
98 65
98 79
98 96
98 97
98 99
98 103
98 106
98 109
98 111
98 112
98 123
98 125
99 17
99 18
99 20
99 27
99 52
99 65
99 96
99 98
99 102
99 105
99 110
99 115
99 119
99 125
99 126
99 127
100 2
100 20
100 29
100 36
100 60
100 78
100 104
100 106
100 112
100 113
100 115
100 117
100 119
100 120
100 123
100 126
101 0
101 10
101 24
101 52
101 61
101 63
101 84
101 103
101 107
101 108
101 109
101 110
101 118
101 120
101 122
101 125
101 127
102 23
102 24
102 25
102 59
102 67
102 81
102 97
102 99
102 103
102 114
102 118
102 120
102 121
102 123
102 124
102 126
103 0
103 2
103 24
103 38
103 56
103 71
103 96
103 98
103 101
103 102
103 104
103 106
103 109
103 115
103 117
103 119
104 22
104 23
104 29
104 36
104 60
104 67
104 68
104 77
104 79
104 97
104 100
104 103
104 108
104 111
104 112
104 117
104 119
104 125
104 126
105 3
105 8
105 22
105 30
105 33
105 34
105 97
105 99
105 106
105 108
105 113
105 115
105 120
105 122
105 125
105 127
106 2
106 3
106 18
106 29
106 63
106 83
106 97
106 98
106 100
106 103
106 105
106 110
106 116
106 118
106 119
106 120
107 9
107 25
107 66
107 81
107 85
107 94
107 96
107 101
107 111
107 116
107 117
107 119
107 121
107 125
107 126
107 127
108 19
108 38
108 43
108 53
108 61
108 92
108 101
108 104
108 105
108 109
108 112
108 114
108 117
108 121
108 122
108 123
109 14
109 21
109 42
109 48
109 54
109 56
109 96
109 97
109 98
109 101
109 103
109 108
109 111
109 114
109 115
109 126
110 4
110 6
110 14
110 18
110 29
110 39
110 78
110 96
110 99
110 101
110 106
110 115
110 117
110 119
110 120
110 124
110 125
111 12
111 13
111 28
111 30
111 43
111 90
111 98
111 104
111 107
111 109
111 112
111 113
111 122
111 124
111 126
111 127
112 7
112 19
112 30
112 62
112 70
112 79
112 98
112 100
112 104
112 108
112 111
112 114
112 117
112 118
112 122
112 125
113 8
113 34
113 48
113 71
113 79
113 80
113 96
113 100
113 105
113 111
113 117
113 118
113 120
113 122
113 123
113 126
114 3
114 5
114 10
114 27
114 38
114 63
114 102
114 108
114 109
114 112
114 115
114 117
114 118
114 119
114 122
114 123
115 20
115 33
115 70
115 75
115 89
115 91
115 99
115 100
115 103
115 105
115 109
115 110
115 114
115 123
115 124
115 127
116 11
116 12
116 14
116 54
116 68
116 88
116 96
116 106
116 107
116 117
116 119
116 122
116 124
116 125
116 126
116 127
117 1
117 16
117 57
117 72
117 90
117 94
117 100
117 103
117 104
117 107
117 108
117 110
117 112
117 113
117 114
117 116
118 9
118 18
118 50
118 57
118 62
118 83
118 101
118 102
118 106
118 112
118 113
118 114
118 120
118 121
118 122
118 123
119 13
119 25
119 36
119 45
119 46
119 92
119 97
119 99
119 100
119 103
119 104
119 106
119 107
119 110
119 114
119 116
120 12
120 27
120 45
120 90
120 94
120 95
120 100
120 101
120 102
120 105
120 106
120 110
120 113
120 118
120 121
120 124
121 11
121 21
121 49
121 51
121 57
121 63
121 97
121 102
121 107
121 108
121 118
121 120
121 122
121 123
121 124
121 127
122 4
122 14
122 18
122 28
122 38
122 86
122 101
122 105
122 108
122 111
122 112
122 113
122 114
122 116
122 118
122 121
123 7
123 8
123 31
123 62
123 64
123 65
123 96
123 98
123 100
123 102
123 108
123 113
123 114
123 115
123 118
123 121
124 5
124 19
124 22
124 31
124 53
124 76
124 96
124 97
124 102
124 110
124 111
124 115
124 116
124 120
124 121
124 127
125 0
125 1
125 10
125 23
125 82
125 86
125 97
125 98
125 99
125 101
125 104
125 105
125 107
125 110
125 112
125 116
126 4
126 16
126 54
126 58
126 65
126 82
126 97
126 99
126 100
126 102
126 104
126 107
126 109
126 111
126 113
126 116
127 1
127 14
127 20
127 24
127 44
127 65
127 66
127 88
127 97
127 99
127 101
127 105
127 107
127 111
127 115
127 116
127 121
127 124
