0 5
0 8
0 9
0 11
0 18
0 25
0 27
0 28
0 31
0 32
0 33
0 45
0 51
0 58
0 71
0 92
0 93
0 102
0 104
0 123
1 7
1 9
1 15
1 23
1 24
1 25
1 27
1 29
1 31
1 36
1 43
1 50
1 52
1 55
1 70
1 75
1 95
1 101
1 113
2 3
2 5
2 7
2 8
2 14
2 17
2 24
2 26
2 28
2 46
2 50
2 67
2 69
2 75
2 81
2 86
2 96
2 103
2 112
2 125
3 2
3 5
3 8
3 9
3 11
3 25
3 27
3 28
3 30
3 40
3 46
3 50
3 57
3 60
3 63
3 65
3 69
3 70
3 72
3 79
4 5
4 11
4 19
4 20
4 23
4 27
4 28
4 29
4 30
4 33
4 56
4 64
4 74
4 89
4 105
4 110
4 115
5 0
5 2
5 3
5 4
5 6
5 18
5 21
5 26
5 28
5 33
5 35
5 41
5 68
5 72
5 86
5 90
5 91
5 94
5 97
5 99
5 116
6 5
6 8
6 11
6 13
6 14
6 15
6 17
6 18
6 29
6 47
6 53
6 60
6 61
6 65
6 77
6 83
6 101
6 107
6 109
6 120
7 1
7 2
7 10
7 13
7 14
7 15
7 18
7 25
7 28
7 36
7 37
7 38
7 40
7 42
7 45
7 49
7 54
7 64
7 77
7 84
7 92
7 94
7 106
7 111
7 118
8 0
8 2
8 3
8 6
8 17
8 22
8 24
8 30
8 31
8 52
8 62
8 65
8 66
8 75
8 81
8 82
8 115
8 126
9 0
9 1
9 3
9 15
9 16
9 17
9 18
9 24
9 29
9 32
9 55
9 56
9 64
9 83
9 87
9 90
9 93
9 100
9 112
9 114
10 7
10 11
10 14
10 15
10 18
10 20
10 26
10 30
10 31
10 34
10 44
10 50
10 53
10 55
10 59
10 81
10 86
10 100
10 117
10 121
11 0
11 3
11 4
11 6
11 10
11 19
11 24
11 25
11 28
11 34
11 39
11 40
11 41
11 52
11 53
11 58
11 65
11 73
11 75
11 84
11 119
12 13
12 14
12 16
12 17
12 20
12 22
12 28
12 29
12 31
12 48
12 56
12 61
12 69
12 83
12 85
12 107
12 108
12 114
12 120
12 121
12 125
13 6
13 7
13 12
13 16
13 18
13 22
13 26
13 27
13 30
13 32
13 34
13 36
13 72
13 76
13 83
13 94
13 96
13 99
13 100
13 108
13 118
13 120
14 2
14 6
14 7
14 10
14 12
14 16
14 19
14 26
14 29
14 38
14 39
14 43
14 50
14 54
14 66
14 68
14 76
14 79
14 82
14 127
15 1
15 6
15 7
15 9
15 10
15 23
15 28
15 30
15 31
15 34
15 36
15 37
15 44
15 65
15 79
15 91
15 93
15 95
15 100
15 104
15 109
15 110
16 9
16 12
16 13
16 14
16 17
16 19
16 23
16 27
16 30
16 43
16 57
16 70
16 74
16 91
16 106
16 122
16 125
17 2
17 6
17 8
17 9
17 12
17 16
17 22
17 23
17 26
17 51
17 53
17 54
17 56
17 64
17 68
17 71
17 117
17 127
18 0
18 5
18 6
18 7
18 9
18 10
18 13
18 19
18 24
18 59
18 64
18 78
18 91
18 104
18 106
18 110
18 122
18 127
19 4
19 11
19 14
19 16
19 18
19 20
19 21
19 25
19 27
19 34
19 37
19 42
19 48
19 56
19 64
19 92
19 103
19 107
19 109
19 126
20 4
20 10
20 12
20 19
20 21
20 22
20 24
20 25
20 29
20 39
20 48
20 60
20 61
20 78
20 88
20 89
20 91
20 116
21 5
21 19
21 20
21 22
21 23
21 26
21 27
21 29
21 31
21 38
21 39
21 43
21 48
21 55
21 61
21 64
21 73
21 95
21 103
21 105
22 8
22 12
22 13
22 17
22 20
22 21
22 24
22 29
22 30
22 32
22 34
22 37
22 38
22 40
22 43
22 49
22 51
22 60
22 67
22 70
22 75
23 1
23 4
23 15
23 16
23 17
23 21
23 26
23 27
23 31
23 34
23 38
23 41
23 62
23 69
23 89
23 119
23 123
24 1
24 2
24 8
24 9
24 11
24 18
24 20
24 22
24 26
24 37
24 43
24 52
24 57
24 62
24 67
24 71
24 88
24 94
24 96
24 97
24 103
24 115
24 117
25 0
25 1
25 3
25 7
25 11
25 19
25 20
25 30
25 31
25 32
25 35
25 45
25 47
25 48
25 63
25 74
25 82
25 108
25 115
25 122
26 2
26 5
26 10
26 13
26 14
26 17
26 21
26 23
26 24
26 46
26 53
26 65
26 66
26 72
26 85
26 104
26 112
26 117
26 121
27 0
27 1
27 3
27 4
27 13
27 16
27 19
27 21
27 23
27 46
27 61
27 73
27 79
27 86
27 104
27 111
27 116
28 0
28 2
28 3
28 4
28 5
28 7
28 11
28 12
28 15
28 55
28 60
28 61
28 64
28 79
28 80
28 102
28 106
28 113
28 126
29 1
29 4
29 6
29 9
29 12
29 14
29 20
29 21
29 22
29 37
29 39
29 41
29 52
29 58
29 84
29 90
29 91
29 93
29 111
29 115
30 3
30 4
30 8
30 10
30 13
30 15
30 16
30 22
30 25
30 37
30 41
30 45
30 51
30 56
30 57
30 59
30 91
30 93
30 99
30 114
30 123
31 0
31 1
31 8
31 10
31 12
31 15
31 21
31 23
31 25
31 38
31 39
31 45
31 58
31 62
31 66
31 67
31 72
31 73
31 99
31 111
31 117
32 0
32 9
32 13
32 22
32 25
32 33
32 37
32 43
32 46
32 48
32 50
32 59
32 60
32 62
32 78
32 87
32 103
33 0
33 4
33 5
33 32
33 37
33 38
33 40
33 47
33 54
33 55
33 58
33 61
33 70
33 85
33 86
33 103
33 104
33 105
33 112
34 10
34 11
34 13
34 15
34 19
34 22
34 23
34 35
34 36
34 42
34 43
34 45
34 47
34 54
34 55
34 62
34 77
34 80
34 94
35 5
35 25
35 34
35 37
35 38
35 46
35 48
35 51
35 54
35 57
35 62
35 69
35 79
35 95
35 101
35 107
36 1
36 7
36 13
36 15
36 34
36 42
36 47
36 49
36 51
36 54
36 55
36 56
36 59
36 71
36 80
36 108
36 112
37 7
37 15
37 19
37 22
37 24
37 29
37 30
37 32
37 33
37 35
37 39
37 44
37 51
37 52
37 54
37 56
37 83
38 7
38 14
38 21
38 22
38 23
38 31
38 33
38 35
38 44
38 46
38 49
38 50
38 58
38 59
38 63
38 67
38 82
38 89
38 97
38 121
39 11
39 14
39 20
39 21
39 29
39 31
39 37
39 40
39 43
39 44
39 46
39 50
39 51
39 54
39 58
39 76
39 100
39 124
40 3
40 7
40 11
40 22
40 33
40 39
40 46
40 51
40 52
40 54
40 56
40 57
40 59
40 66
40 67
40 78
40 124
40 127
41 5
41 11
41 23
41 29
41 30
41 42
41 44
41 49
41 51
41 53
41 55
41 59
41 60
41 61
41 87
41 92
41 98
41 110
42 7
42 19
42 34
42 36
42 41
42 43
42 45
42 54
42 55
42 59
42 62
42 65
42 89
42 107
42 111
42 118
42 119
42 125
43 1
43 14
43 16
43 21
43 22
43 24
43 32
43 34
43 39
43 42
43 48
43 51
43 54
43 57
43 58
43 81
43 95
43 101
43 121
43 122
44 10
44 15
44 37
44 38
44 39
44 41
44 45
44 46
44 48
44 51
44 62
44 64
44 77
44 83
44 112
44 114
44 118
44 119
45 0
45 7
45 25
45 30
45 31
45 34
45 42
45 44
45 47
45 49
45 50
45 57
45 59
45 62
45 80
45 98
45 99
45 123
46 2
46 3
46 26
46 27
46 32
46 35
46 38
46 39
46 40
46 44
46 52
46 56
46 63
46 87
46 119
46 121
47 6
47 25
47 33
47 34
47 36
47 45
47 52
47 56
47 57
47 58
47 59
47 75
47 81
47 82
47 85
47 92
47 123
47 124
48 12
48 19
48 20
48 21
48 25
48 32
48 35
48 43
48 44
48 49
48 50
48 52
48 60
48 62
48 101
48 102
48 111
48 119
49 7
49 22
49 36
49 38
49 41
49 45
49 48
49 55
49 56
49 61
49 63
49 74
49 79
49 90
49 99
49 116
50 1
50 2
50 3
50 10
50 14
50 32
50 38
50 39
50 45
50 48
50 51
50 57
50 59
50 61
50 85
50 86
50 113
50 122
51 0
51 17
51 22
51 30
51 35
51 36
51 37
51 39
51 40
51 41
51 43
51 44
51 50
51 89
51 93
51 97
51 104
52 1
52 8
52 11
52 24
52 29
52 37
52 40
52 46
52 47
52 48
52 56
52 57
52 60
52 62
52 76
52 92
52 106
52 120
53 6
53 10
53 11
53 17
53 26
53 41
53 55
53 56
53 57
53 58
53 60
53 61
53 62
53 63
53 107
53 119
54 7
54 14
54 17
54 33
54 34
54 35
54 36
54 37
54 39
54 40
54 42
54 43
54 63
54 95
54 98
54 105
54 106
54 107
54 121
55 1
55 9
55 10
55 21
55 28
55 33
55 34
55 36
55 41
55 42
55 49
55 53
55 57
55 61
55 78
55 94
55 112
56 4
56 9
56 12
56 17
56 19
56 30
56 36
56 37
56 40
56 46
56 47
56 49
56 52
56 53
56 60
56 61
56 63
56 69
56 85
56 125
57 3
57 16
57 24
57 30
57 35
57 40
57 43
57 45
57 47
57 50
57 52
57 53
57 55
57 78
57 84
57 90
57 102
57 109
57 114
57 120
57 126
58 0
58 11
58 29
58 31
58 33
58 38
58 39
58 43
58 47
58 53
58 60
58 61
58 63
58 68
58 70
58 71
58 96
58 118
59 10
59 18
59 30
59 32
59 36
59 38
59 40
59 41
59 42
59 45
59 47
59 50
59 72
59 80
59 81
59 113
59 114
59 125
60 3
60 6
60 20
60 22
60 28
60 32
60 41
60 48
60 52
60 53
60 56
60 58
60 61
60 63
60 67
60 84
60 86
60 87
60 93
60 108
61 6
61 12
61 20
61 21
61 27
61 28
61 33
61 41
61 49
61 50
61 53
61 55
61 56
61 58
61 60
61 63
61 84
61 124
62 8
62 23
62 24
62 31
62 32
62 34
62 35
62 42
62 44
62 45
62 48
62 52
62 53
62 69
62 73
62 86
62 88
62 98
62 100
63 3
63 25
63 38
63 46
63 49
63 53
63 54
63 56
63 58
63 60
63 61
63 68
63 73
63 78
63 80
63 81
63 87
63 92
63 94
63 124
64 4
64 7
64 9
64 17
64 18
64 19
64 21
64 28
64 44
64 66
64 68
64 69
64 73
64 81
64 82
64 87
64 92
64 95
65 3
65 6
65 8
65 11
65 15
65 26
65 42
65 70
65 71
65 74
65 75
65 80
65 85
65 88
65 93
65 94
65 96
66 8
66 14
66 26
66 31
66 40
66 64
66 68
66 69
66 71
66 73
66 76
66 79
66 87
66 93
66 109
66 116
67 2
67 22
67 24
67 31
67 38
67 40
67 60
67 71
67 78
67 80
67 81
67 83
67 85
67 86
67 87
67 90
67 100
67 126
68 5
68 14
68 17
68 58
68 63
68 64
68 66
68 75
68 79
68 82
68 86
68 88
68 89
68 95
68 120
68 127
69 2
69 3
69 12
69 23
69 35
69 56
69 62
69 64
69 66
69 70
69 78
69 79
69 80
69 82
69 85
69 87
69 98
70 1
70 3
70 16
70 22
70 33
70 58
70 65
70 69
70 73
70 74
70 76
70 78
70 82
70 85
70 94
70 99
70 101
71 0
71 17
71 24
71 36
71 58
71 65
71 66
71 67
71 72
71 79
71 81
71 86
71 88
71 89
71 108
71 110
71 124
72 3
72 5
72 13
72 26
72 31
72 59
72 71
72 75
72 76
72 82
72 83
72 85
72 86
72 92
72 95
72 109
72 124
73 11
73 21
73 27
73 31
73 62
73 63
73 64
73 66
73 70
73 74
73 81
73 86
73 88
73 89
73 93
73 97
73 110
73 116
74 4
74 16
74 25
74 49
74 65
74 70
74 73
74 76
74 77
74 79
74 84
74 88
74 93
74 105
74 114
74 118
75 1
75 2
75 8
75 11
75 22
75 47
75 65
75 68
75 72
75 79
75 81
75 84
75 87
75 89
75 91
75 98
75 108
75 118
75 125
76 13
76 14
76 39
76 52
76 66
76 70
76 72
76 74
76 78
76 87
76 89
76 90
76 91
76 102
76 105
76 111
76 113
77 6
77 7
77 34
77 44
77 74
77 78
77 80
77 81
77 82
77 90
77 92
77 94
77 95
77 96
77 109
77 120
77 123
77 124
78 18
78 20
78 32
78 40
78 55
78 57
78 63
78 67
78 69
78 70
78 76
78 77
78 83
78 84
78 86
78 89
79 3
79 14
79 15
79 27
79 28
79 35
79 49
79 66
79 68
79 69
79 71
79 74
79 75
79 82
79 83
79 86
79 106
80 28
80 34
80 36
80 45
80 59
80 63
80 65
80 67
80 69
80 77
80 81
80 83
80 90
80 91
80 92
80 93
80 94
80 95
80 116
81 2
81 8
81 10
81 43
81 47
81 59
81 63
81 64
81 67
81 71
81 73
81 75
81 77
81 80
81 82
81 83
81 102
82 8
82 14
82 25
82 38
82 47
82 64
82 68
82 69
82 70
82 72
82 77
82 79
82 81
82 91
82 93
82 94
82 95
82 105
82 113
83 6
83 9
83 12
83 13
83 37
83 44
83 67
83 72
83 78
83 79
83 80
83 81
83 84
83 89
83 92
83 97
84 7
84 11
84 29
84 57
84 60
84 61
84 74
84 75
84 78
84 83
84 85
84 87
84 88
84 92
84 93
84 96
84 119
85 12
85 26
85 33
85 47
85 50
85 56
85 65
85 67
85 69
85 70
85 72
85 84
85 91
85 92
85 94
85 103
85 110
85 126
86 2
86 5
86 10
86 27
86 33
86 50
86 60
86 62
86 67
86 68
86 71
86 72
86 73
86 78
86 79
86 87
86 95
87 9
87 32
87 41
87 46
87 60
87 63
87 64
87 66
87 67
87 69
87 75
87 76
87 84
87 86
87 93
87 126
87 127
88 20
88 24
88 62
88 65
88 68
88 71
88 73
88 74
88 84
88 89
88 92
88 94
88 101
88 102
88 115
88 117
88 127
89 4
89 20
89 23
89 38
89 42
89 51
89 68
89 71
89 73
89 75
89 76
89 78
89 83
89 88
89 90
89 115
89 117
89 122
90 5
90 9
90 29
90 49
90 57
90 67
90 76
90 77
90 80
90 89
90 91
90 92
90 93
90 94
90 97
90 98
90 113
90 122
90 123
91 5
91 15
91 16
91 18
91 20
91 29
91 30
91 75
91 76
91 80
91 82
91 85
91 90
91 92
91 94
91 95
92 0
92 7
92 19
92 41
92 47
92 52
92 63
92 64
92 72
92 77
92 80
92 83
92 84
92 85
92 88
92 90
92 91
92 95
93 0
93 9
93 15
93 29
93 30
93 51
93 60
93 65
93 66
93 73
93 74
93 80
93 82
93 84
93 87
93 90
94 5
94 7
94 13
94 24
94 34
94 55
94 63
94 65
94 70
94 77
94 80
94 82
94 85
94 88
94 90
94 91
95 1
95 15
95 21
95 35
95 43
95 54
95 64
95 68
95 72
95 77
95 80
95 82
95 86
95 91
95 92
95 104
96 2
96 13
96 24
96 58
96 65
96 77
96 84
96 103
96 112
96 113
96 116
96 118
96 119
96 121
96 123
96 126
97 5
97 24
97 38
97 51
97 73
97 83
97 90
97 98
97 99
97 103
97 111
97 112
97 116
97 121
97 125
97 126
98 41
98 45
98 54
98 62
98 69
98 75
98 90
98 97
98 104
98 105
98 106
98 110
98 113
98 116
98 123
98 125
99 5
99 13
99 30
99 31
99 45
99 49
99 70
99 97
99 104
99 106
99 114
99 119
99 120
99 121
99 122
99 123
100 9
100 10
100 13
100 15
100 39
100 62
100 67
100 107
100 108
100 111
100 113
100 115
100 116
100 118
100 121
100 126
101 1
101 6
101 35
101 43
101 48
101 70
101 88
101 110
101 111
101 112
101 113
101 115
101 117
101 119
101 121
101 126
102 0
102 28
102 48
102 57
102 76
102 81
102 88
102 103
102 104
102 108
102 116
102 117
102 119
102 120
102 122
102 123
102 124
102 127
103 2
103 19
103 21
103 24
103 32
103 33
103 85
103 96
103 97
103 102
103 106
103 117
103 119
103 120
103 121
103 125
104 0
104 15
104 18
104 26
104 27
104 33
104 51
104 95
104 98
104 99
104 102
104 106
104 110
104 115
104 119
104 120
104 121
104 124
104 127
105 4
105 21
105 33
105 54
105 74
105 76
105 82
105 98
105 107
105 109
105 111
105 113
105 117
105 120
105 121
105 126
106 7
106 16
106 18
106 28
106 52
106 54
106 79
106 98
106 99
106 103
106 104
106 111
106 112
106 120
106 121
106 126
107 6
107 12
107 19
107 35
107 42
107 53
107 54
107 100
107 105
107 108
107 110
107 117
107 120
107 122
107 125
107 126
108 12
108 13
108 25
108 36
108 60
108 71
108 75
108 100
108 102
108 107
108 110
108 112
108 117
108 118
108 123
108 126
109 6
109 15
109 19
109 57
109 66
109 72
109 77
109 105
109 112
109 115
109 117
109 119
109 120
109 122
109 124
109 127
110 4
110 15
110 18
110 41
110 71
110 73
110 85
110 98
110 101
110 104
110 107
110 108
110 114
110 119
110 120
110 125
111 7
111 27
111 29
111 31
111 42
111 48
111 76
111 97
111 100
111 101
111 105
111 106
111 114
111 116
111 119
111 125
112 2
112 9
112 26
112 33
112 36
112 44
112 55
112 96
112 97
112 101
112 106
112 108
112 109
112 115
112 122
112 124
113 1
113 28
113 50
113 59
113 76
113 82
113 90
113 96
113 98
113 100
113 101
113 105
113 114
113 122
113 123
113 124
114 9
114 12
114 30
114 44
114 57
114 59
114 74
114 99
114 110
114 111
114 113
114 115
114 123
114 124
114 125
114 127
115 4
115 8
115 24
115 25
115 29
115 88
115 89
115 100
115 101
115 104
115 109
115 112
115 114
115 117
115 122
115 123
116 5
116 20
116 27
116 49
116 66
116 73
116 80
116 96
116 97
116 98
116 100
116 102
116 111
116 117
116 125
116 127
117 10
117 17
117 24
117 26
117 31
117 88
117 89
117 101
117 102
117 103
117 105
117 107
117 108
117 109
117 115
117 116
118 7
118 13
118 42
118 44
118 58
118 74
118 75
118 96
118 100
118 108
118 122
118 123
118 124
118 125
118 126
118 127
119 11
119 23
119 42
119 44
119 46
119 48
119 53
119 84
119 96
119 99
119 101
119 102
119 103
119 104
119 109
119 110
119 111
120 6
120 12
120 13
120 52
120 57
120 68
120 77
120 99
120 102
120 103
120 104
120 105
120 106
120 107
120 109
120 110
121 10
121 12
121 26
121 38
121 43
121 46
121 54
121 96
121 97
121 99
121 100
121 101
121 103
121 104
121 105
121 106
122 16
122 18
122 25
122 43
122 50
122 89
122 90
122 99
122 102
122 107
122 109
122 112
122 113
122 115
122 118
122 124
123 0
123 23
123 30
123 45
123 47
123 77
123 90
123 96
123 98
123 99
123 102
123 108
123 113
123 114
123 115
123 118
124 39
124 40
124 47
124 61
124 63
124 71
124 72
124 77
124 102
124 104
124 109
124 112
124 113
124 114
124 118
124 122
124 127
125 2
125 12
125 16
125 42
125 56
125 59
125 75
125 97
125 98
125 103
125 107
125 110
125 111
125 114
125 116
125 118
125 127
126 8
126 19
126 28
126 57
126 67
126 85
126 87
126 96
126 97
126 100
126 101
126 105
126 106
126 107
126 108
126 118
126 127
127 14
127 17
127 18
127 40
127 68
127 87
127 88
127 102
127 104
127 109
127 114
127 116
127 118
127 124
127 125
127 126
