0 1
0 2
0 6
0 16
0 18
0 21
0 27
0 28
0 38
0 47
0 59
0 84
0 90
0 91
0 119
0 125
0 126
1 0
1 2
1 4
1 6
1 7
1 17
1 19
1 29
1 38
1 47
1 63
1 84
1 91
1 119
1 126
2 0
2 1
2 9
2 15
2 25
2 27
2 29
2 31
2 38
2 45
2 47
2 70
2 84
2 85
2 91
2 119
2 126
3 5
3 6
3 9
3 17
3 18
3 21
3 23
3 26
3 38
3 47
3 84
3 91
3 107
3 119
3 126
4 1
4 14
4 16
4 20
4 22
4 26
4 29
4 30
4 38
4 46
4 47
4 84
4 91
4 106
4 119
4 126
5 3
5 11
5 14
5 19
5 20
5 22
5 24
5 29
5 38
5 47
5 66
5 84
5 91
5 119
5 126
6 0
6 1
6 3
6 9
6 14
6 17
6 18
6 19
6 38
6 47
6 49
6 84
6 91
6 119
6 126
7 1
7 9
7 10
7 13
7 15
7 16
7 17
7 28
7 38
7 47
7 64
7 84
7 91
7 119
7 126
8 11
8 13
8 14
8 16
8 18
8 20
8 22
8 27
8 32
8 38
8 47
8 84
8 91
8 119
8 126
9 2
9 3
9 6
9 7
9 10
9 11
9 18
9 27
9 38
9 47
9 84
9 87
9 91
9 119
9 126
10 7
10 9
10 11
10 14
10 15
10 16
10 17
10 19
10 38
10 47
10 60
10 84
10 91
10 119
10 126
11 5
11 8
11 9
11 10
11 14
11 24
11 29
11 30
11 38
11 47
11 51
11 84
11 91
11 97
11 99
11 119
11 126
12 13
12 16
12 17
12 18
12 20
12 22
12 23
12 24
12 38
12 47
12 84
12 91
12 110
12 119
12 123
12 126
13 7
13 8
13 12
13 14
13 21
13 26
13 30
13 31
13 38
13 41
13 47
13 84
13 91
13 104
13 119
13 126
14 4
14 5
14 6
14 8
14 10
14 11
14 13
14 15
14 38
14 47
14 84
14 91
14 92
14 119
14 126
15 2
15 7
15 10
15 14
15 23
15 25
15 26
15 27
15 38
15 47
15 84
15 91
15 117
15 119
15 126
16 0
16 4
16 7
16 8
16 10
16 12
16 20
16 28
16 38
16 47
16 74
16 84
16 91
16 119
16 126
17 1
17 3
17 6
17 7
17 10
17 12
17 21
17 23
17 38
17 47
17 84
17 91
17 119
17 125
17 126
18 0
18 3
18 6
18 8
18 9
18 12
18 29
18 30
18 38
18 47
18 75
18 84
18 91
18 94
18 119
18 126
19 1
19 5
19 6
19 10
19 23
19 24
19 28
19 31
19 38
19 47
19 84
19 91
19 101
19 119
19 126
20 4
20 5
20 8
20 12
20 16
20 23
20 26
20 31
20 38
20 47
20 55
20 70
20 84
20 91
20 119
20 126
21 0
21 3
21 13
21 17
21 22
21 25
21 30
21 31
21 38
21 47
21 84
21 91
21 92
21 119
21 126
22 4
22 5
22 8
22 12
22 21
22 24
22 27
22 29
22 38
22 47
22 84
22 91
22 119
22 123
22 126
23 3
23 12
23 15
23 17
23 19
23 20
23 25
23 26
23 38
23 47
23 49
23 64
23 84
23 91
23 119
23 126
24 5
24 11
24 12
24 19
24 22
24 27
24 28
24 29
24 31
24 32
24 33
24 34
24 35
24 36
24 37
24 38
24 39
24 40
24 41
24 42
24 43
24 44
24 45
24 46
24 47
24 48
24 49
24 50
24 51
24 52
24 53
24 54
24 55
24 56
24 57
24 58
24 59
24 60
24 61
24 62
24 63
24 65
24 66
24 67
24 68
24 69
24 70
24 71
24 72
24 73
24 74
24 75
24 76
24 77
24 78
24 79
24 80
24 81
24 82
24 83
24 84
24 85
24 86
24 87
24 88
24 89
24 90
24 91
24 92
24 93
24 94
24 95
24 96
24 97
24 98
24 99
24 100
24 101
24 102
24 103
24 104
24 105
24 106
24 107
24 108
24 109
24 110
24 111
24 112
24 113
24 114
24 115
24 116
24 117
24 118
24 119
24 120
24 121
24 122
24 123
24 124
24 125
24 126
24 127
25 2
25 15
25 21
25 23
25 26
25 27
25 28
25 30
25 38
25 43
25 47
25 52
25 56
25 84
25 91
25 105
25 119
25 126
26 3
26 4
26 13
26 15
26 20
26 23
26 25
26 28
26 38
26 47
26 54
26 84
26 91
26 119
26 126
27 0
27 2
27 8
27 9
27 15
27 22
27 24
27 25
27 38
27 47
27 71
27 84
27 91
27 102
27 119
27 121
27 126
28 0
28 7
28 16
28 19
28 24
28 25
28 26
28 30
28 31
28 32
28 33
28 34
28 35
28 36
28 37
28 38
28 39
28 40
28 41
28 42
28 43
28 44
28 45
28 46
28 47
28 48
28 49
28 50
28 51
28 52
28 53
28 54
28 55
28 56
28 57
28 58
28 59
28 60
28 61
28 62
28 63
28 65
28 66
28 67
28 68
28 69
28 70
28 71
28 72
28 73
28 74
28 75
28 76
28 77
28 78
28 79
28 80
28 81
28 82
28 83
28 84
28 85
28 86
28 87
28 88
28 89
28 90
28 91
28 92
28 93
28 94
28 95
28 96
28 97
28 98
28 99
28 100
28 101
28 102
28 103
28 104
28 105
28 106
28 107
28 108
28 109
28 110
28 111
28 112
28 113
28 114
28 115
28 116
28 117
28 118
28 119
28 120
28 121
28 122
28 123
28 124
28 125
28 126
28 127
29 1
29 2
29 4
29 5
29 11
29 18
29 22
29 24
29 38
29 47
29 57
29 58
29 64
29 79
29 84
29 91
29 119
29 126
30 4
30 11
30 13
30 18
30 21
30 25
30 28
30 31
30 38
30 47
30 69
30 84
30 91
30 103
30 119
30 126
31 2
31 13
31 19
31 20
31 21
31 24
31 28
31 30
31 37
31 38
31 47
31 84
31 91
31 94
31 119
31 126
32 8
32 24
32 28
32 33
32 38
32 39
32 44
32 45
32 53
32 55
32 56
32 82
32 84
32 91
32 119
32 120
32 126
33 24
33 28
33 32
33 42
33 46
33 49
33 50
33 51
33 57
33 58
33 84
33 91
33 100
33 109
33 119
33 126
34 24
34 28
34 37
34 38
34 40
34 42
34 44
34 49
34 53
34 56
34 74
34 84
34 91
34 119
34 126
35 24
35 28
35 36
35 42
35 44
35 47
35 51
35 54
35 56
35 62
35 84
35 91
35 119
35 122
35 126
36 24
36 28
36 35
36 37
36 39
36 47
36 55
36 59
36 61
36 63
36 84
36 91
36 106
36 119
36 126
37 24
37 28
37 31
37 34
37 36
37 49
37 53
37 54
37 56
37 57
37 58
37 84
37 91
37 119
37 126
38 0
38 1
38 2
38 3
38 4
38 5
38 6
38 7
38 8
38 9
38 10
38 11
38 12
38 13
38 14
38 15
38 16
38 17
38 18
38 19
38 20
38 21
38 22
38 23
38 24
38 25
38 26
38 27
38 28
38 29
38 30
38 31
38 32
38 34
38 40
38 41
38 46
38 48
38 53
38 60
38 63
38 64
38 65
38 66
38 67
38 68
38 69
38 70
38 71
38 72
38 73
38 74
38 75
38 76
38 77
38 78
38 79
38 80
38 81
38 82
38 83
38 85
38 86
38 87
38 88
38 89
38 90
38 92
38 93
38 94
38 95
38 96
38 97
38 98
38 99
38 100
38 101
38 102
38 103
38 104
38 105
38 107
38 108
38 109
38 110
38 111
38 112
38 113
38 114
38 115
38 116
38 117
38 118
38 120
38 121
38 122
38 123
38 124
38 127
39 24
39 28
39 32
39 36
39 44
39 45
39 48
39 54
39 61
39 63
39 68
39 84
39 91
39 107
39 116
39 119
39 126
40 24
40 28
40 34
40 38
40 43
40 44
40 47
40 49
40 51
40 52
40 84
40 91
40 117
40 119
40 126
41 13
41 24
41 28
41 38
41 42
41 43
41 47
41 51
41 55
41 56
41 60
41 76
41 81
41 84
41 91
41 119
41 126
42 24
42 28
42 33
42 34
42 35
42 41
42 44
42 52
42 53
42 55
42 84
42 91
42 95
42 119
42 126
43 24
43 25
43 28
43 40
43 41
43 48
43 52
43 56
43 59
43 61
43 63
43 84
43 91
43 103
43 119
43 124
43 126
44 24
44 28
44 32
44 34
44 35
44 39
44 40
44 42
44 50
44 59
44 83
44 84
44 91
44 116
44 119
44 126
45 2
45 24
45 28
45 32
45 39
45 47
45 48
45 50
45 56
45 57
45 63
45 84
45 91
45 114
45 119
45 126
46 4
46 24
46 28
46 33
46 38
46 49
46 51
46 57
46 58
46 61
46 62
46 84
46 91
46 110
46 119
46 126
47 0
47 1
47 2
47 3
47 4
47 5
47 6
47 7
47 8
47 9
47 10
47 11
47 12
47 13
47 14
47 15
47 16
47 17
47 18
47 19
47 20
47 21
47 22
47 23
47 24
47 25
47 26
47 27
47 28
47 29
47 30
47 31
47 35
47 36
47 40
47 41
47 45
47 53
47 57
47 60
47 61
47 64
47 65
47 66
47 67
47 68
47 69
47 70
47 71
47 72
47 73
47 74
47 75
47 76
47 77
47 78
47 79
47 80
47 81
47 82
47 83
47 85
47 86
47 87
47 88
47 89
47 90
47 92
47 93
47 94
47 95
47 96
47 97
47 98
47 99
47 100
47 101
47 102
47 103
47 104
47 105
47 106
47 107
47 108
47 109
47 110
47 111
47 112
47 113
47 114
47 115
47 116
47 117
47 118
47 120
47 121
47 122
47 123
47 124
47 125
47 127
48 24
48 28
48 38
48 39
48 43
48 45
48 50
48 54
48 57
48 63
48 84
48 90
48 91
48 119
48 126
49 6
49 23
49 24
49 28
49 33
49 34
49 37
49 40
49 46
49 50
49 57
49 60
49 84
49 86
49 91
49 119
49 126
50 24
50 28
50 33
50 44
50 45
50 48
50 49
50 57
50 61
50 62
50 64
50 65
50 84
50 91
50 119
50 126
51 11
51 24
51 28
51 33
51 35
51 40
51 41
51 46
51 55
51 58
51 61
51 84
51 89
51 91
51 119
51 126
52 24
52 25
52 28
52 40
52 42
52 43
52 53
52 54
52 56
52 60
52 61
52 84
52 91
52 119
52 126
53 24
53 28
53 32
53 34
53 37
53 38
53 42
53 47
53 52
53 63
53 82
53 84
53 91
53 119
53 126
54 24
54 26
54 28
54 35
54 37
54 39
54 48
54 52
54 58
54 59
54 62
54 84
54 89
54 91
54 119
54 126
55 20
55 24
55 28
55 32
55 36
55 41
55 42
55 51
55 59
55 62
55 63
55 84
55 91
55 119
55 126
56 24
56 25
56 28
56 32
56 34
56 35
56 37
56 41
56 43
56 45
56 52
56 84
56 91
56 119
56 126
57 24
57 28
57 29
57 33
57 37
57 45
57 46
57 47
57 48
57 49
57 50
57 84
57 91
57 93
57 101
57 119
57 126
58 24
58 28
58 29
58 33
58 37
58 46
58 51
58 54
58 59
58 60
58 62
58 84
58 91
58 96
58 119
58 126
59 0
59 24
59 28
59 36
59 43
59 44
59 54
59 55
59 58
59 60
59 62
59 84
59 91
59 119
59 126
60 10
60 24
60 28
60 38
60 41
60 47
60 49
60 52
60 58
60 59
60 62
60 84
60 91
60 111
60 119
60 124
60 126
61 24
61 28
61 36
61 39
61 43
61 46
61 47
61 50
61 51
61 52
61 84
61 87
61 91
61 119
61 126
62 24
62 28
62 35
62 46
62 50
62 54
62 55
62 58
62 59
62 60
62 71
62 84
62 91
62 119
62 126
63 1
63 24
63 28
63 36
63 38
63 39
63 43
63 45
63 48
63 53
63 55
63 68
63 84
63 91
63 119
63 126
64 7
64 23
64 29
64 38
64 47
64 50
64 70
64 71
64 74
64 77
64 78
64 85
64 90
64 91
64 119
64 126
65 24
65 28
65 38
65 47
65 50
65 69
65 70
65 71
65 80
65 82
65 83
65 86
65 93
65 119
65 126
66 5
66 24
66 28
66 38
66 47
66 67
66 69
66 77
66 78
66 80
66 83
66 89
66 90
66 102
66 119
66 126
67 24
67 28
67 38
67 47
67 66
67 69
67 76
67 82
67 85
67 87
67 92
67 95
67 115
67 119
67 126
68 24
68 28
68 38
68 39
68 47
68 63
68 72
68 73
68 75
68 77
68 80
68 89
68 90
68 95
68 104
68 119
68 126
68 127
69 24
69 28
69 30
69 38
69 47
69 65
69 66
69 67
69 80
69 81
69 87
69 90
69 95
69 119
69 126
70 2
70 20
70 24
70 28
70 38
70 47
70 64
70 65
70 72
70 75
70 79
70 86
70 91
70 94
70 119
70 126
71 24
71 27
71 28
71 38
71 47
71 62
71 64
71 65
71 72
71 82
71 84
71 89
71 90
71 94
71 119
71 126
72 24
72 28
72 38
72 47
72 68
72 70
72 71
72 77
72 84
72 85
72 92
72 95
72 119
72 120
72 126
73 24
73 28
73 38
73 47
73 68
73 77
73 81
73 82
73 83
73 88
73 93
73 95
73 113
73 119
73 126
74 16
74 24
74 28
74 34
74 38
74 47
74 64
74 83
74 86
74 89
74 91
74 93
74 94
74 95
74 119
74 126
75 18
75 24
75 28
75 38
75 47
75 68
75 70
75 76
75 78
75 83
75 87
75 88
75 94
75 119
75 126
76 24
76 28
76 38
76 41
76 47
76 67
76 75
76 77
76 84
76 87
76 88
76 91
76 93
76 119
76 126
77 24
77 28
77 38
77 47
77 64
77 66
77 68
77 72
77 73
77 76
77 80
77 87
77 98
77 118
77 119
77 126
78 24
78 28
78 38
78 47
78 64
78 66
78 75
78 81
78 83
78 84
78 85
78 90
78 106
78 112
78 119
78 126
79 24
79 28
79 29
79 38
79 47
79 70
79 81
79 82
79 83
79 86
79 87
79 88
79 94
79 119
79 126
80 24
80 28
80 38
80 47
80 65
80 66
80 68
80 69
80 77
80 86
80 92
80 95
80 119
80 121
80 126
81 24
81 28
81 38
81 41
81 47
81 69
81 73
81 78
81 79
81 86
81 90
81 92
81 94
81 113
81 119
81 126
82 24
82 28
82 32
82 38
82 47
82 53
82 65
82 67
82 71
82 73
82 79
82 89
82 93
82 94
82 119
82 126
83 24
83 28
83 38
83 44
83 47
83 65
83 66
83 73
83 74
83 75
83 78
83 79
83 89
83 119
83 126
84 0
84 1
84 2
84 3
84 4
84 5
84 6
84 7
84 8
84 9
84 10
84 11
84 12
84 13
84 14
84 15
84 16
84 17
84 18
84 19
84 20
84 21
84 22
84 23
84 24
84 25
84 26
84 27
84 28
84 29
84 30
84 31
84 32
84 33
84 34
84 35
84 36
84 37
84 39
84 40
84 41
84 42
84 43
84 44
84 45
84 46
84 48
84 49
84 50
84 51
84 52
84 53
84 54
84 55
84 56
84 57
84 58
84 59
84 60
84 61
84 62
84 63
84 71
84 72
84 76
84 78
84 88
84 91
84 92
84 93
84 95
84 96
84 97
84 98
84 99
84 100
84 101
84 102
84 103
84 104
84 105
84 106
84 107
84 108
84 109
84 110
84 111
84 112
84 113
84 114
84 115
84 116
84 117
84 118
84 120
84 121
84 122
84 123
84 124
84 125
84 127
85 2
85 24
85 28
85 38
85 47
85 64
85 67
85 72
85 78
85 89
85 90
85 92
85 94
85 115
85 119
85 126
86 24
86 28
86 38
86 47
86 49
86 65
86 70
86 74
86 79
86 80
86 81
86 88
86 91
86 119
86 122
86 126
87 9
87 24
87 28
87 38
87 47
87 61
87 67
87 69
87 75
87 76
87 77
87 79
87 88
87 89
87 119
87 126
88 24
88 28
88 38
88 47
88 73
88 75
88 76
88 79
88 84
88 86
88 87
88 91
88 119
88 125
88 126
89 24
89 28
89 38
89 47
89 51
89 54
89 66
89 68
89 71
89 74
89 82
89 83
89 85
89 87
89 118
89 119
89 126
90 0
90 24
90 28
90 38
90 47
90 48
90 64
90 66
90 68
90 69
90 71
90 78
90 81
90 85
90 119
90 126
91 0
91 1
91 2
91 3
91 4
91 5
91 6
91 7
91 8
91 9
91 10
91 11
91 12
91 13
91 14
91 15
91 16
91 17
91 18
91 19
91 20
91 21
91 22
91 23
91 24
91 25
91 26
91 27
91 28
91 29
91 30
91 31
91 32
91 33
91 34
91 35
91 36
91 37
91 39
91 40
91 41
91 42
91 43
91 44
91 45
91 46
91 48
91 49
91 50
91 51
91 52
91 53
91 54
91 55
91 56
91 57
91 58
91 59
91 60
91 61
91 62
91 63
91 64
91 70
91 74
91 76
91 84
91 86
91 88
91 92
91 93
91 96
91 97
91 98
91 99
91 100
91 101
91 102
91 103
91 104
91 105
91 106
91 107
91 108
91 109
91 110
91 111
91 112
91 113
91 114
91 115
91 116
91 117
91 118
91 120
91 121
91 122
91 123
91 124
91 125
91 127
92 14
92 21
92 24
92 28
92 38
92 47
92 67
92 72
92 80
92 81
92 84
92 85
92 91
92 93
92 109
92 119
92 126
93 24
93 28
93 38
93 47
93 57
93 65
93 73
93 74
93 76
93 82
93 84
93 91
93 92
93 97
93 119
93 126
94 18
94 24
94 28
94 31
94 38
94 47
94 70
94 71
94 74
94 75
94 79
94 81
94 82
94 85
94 119
94 126
95 24
95 28
95 38
95 42
95 47
95 67
95 68
95 69
95 72
95 73
95 74
95 80
95 84
95 108
95 111
95 119
95 126
96 24
96 28
96 38
96 47
96 58
96 84
96 91
96 97
96 98
96 99
96 102
96 105
96 110
96 112
96 121
97 11
97 24
97 28
97 38
97 47
97 84
97 91
97 93
97 96
97 99
97 100
97 102
97 110
97 111
97 117
97 121
98 24
98 28
98 38
98 47
98 77
98 84
98 91
98 96
98 104
98 105
98 106
98 112
98 123
98 124
98 127
99 11
99 24
99 28
99 38
99 47
99 84
99 91
99 96
99 97
99 109
99 112
99 115
99 118
99 121
99 126
100 24
100 28
100 33
100 38
100 47
100 84
100 91
100 97
100 104
100 105
100 110
100 112
100 116
100 120
100 125
101 19
101 24
101 28
101 38
101 47
101 57
101 84
101 91
101 104
101 107
101 109
101 117
101 118
101 123
101 126
101 127
102 24
102 27
102 28
102 38
102 47
102 66
102 84
102 91
102 96
102 97
102 103
102 106
102 113
102 116
102 118
102 125
103 24
103 28
103 30
103 38
103 43
103 47
103 84
103 91
103 102
103 106
103 108
103 112
103 115
103 116
103 124
103 127
104 13
104 24
104 28
104 38
104 47
104 68
104 84
104 91
104 98
104 100
104 101
104 105
104 108
104 111
104 121
104 127
105 24
105 25
105 28
105 38
105 47
105 84
105 91
105 96
105 98
105 100
105 104
105 118
105 121
105 125
105 126
106 4
106 24
106 28
106 36
106 47
106 78
106 84
106 91
106 98
106 102
106 103
106 109
106 111
106 114
106 116
106 123
107 3
107 24
107 28
107 38
107 39
107 47
107 84
107 91
107 101
107 109
107 115
107 119
107 122
107 123
107 124
107 127
108 24
108 28
108 38
108 47
108 84
108 91
108 95
108 103
108 104
108 111
108 116
108 119
108 122
108 123
108 125
109 24
109 28
109 33
109 38
109 47
109 84
109 91
109 92
109 99
109 101
109 106
109 107
109 118
109 124
109 125
109 126
110 12
110 24
110 28
110 38
110 46
110 47
110 84
110 91
110 96
110 97
110 100
110 111
110 117
110 120
110 125
110 126
111 24
111 28
111 38
111 47
111 60
111 84
111 91
111 95
111 97
111 104
111 106
111 108
111 110
111 112
111 115
111 124
112 24
112 28
112 38
112 47
112 78
112 84
112 91
112 96
112 98
112 99
112 100
112 103
112 111
112 115
112 122
113 24
113 28
113 38
113 47
113 73
113 81
113 84
113 91
113 102
113 115
113 117
113 118
113 119
113 120
113 121
113 124
114 24
114 28
114 38
114 45
114 47
114 84
114 91
114 106
114 116
114 117
114 119
114 120
114 123
114 124
114 125
115 24
115 28
115 38
115 47
115 67
115 84
115 85
115 91
115 99
115 103
115 107
115 111
115 112
115 113
115 125
115 126
116 24
116 28
116 38
116 39
116 44
116 47
116 84
116 91
116 100
116 102
116 103
116 106
116 108
116 114
116 119
116 120
117 15
117 24
117 28
117 38
117 40
117 47
117 84
117 91
117 97
117 101
117 110
117 113
117 114
117 120
117 122
117 126
118 24
118 28
118 38
118 47
118 77
118 84
118 89
118 91
118 99
118 101
118 102
118 105
118 109
118 113
118 122
118 126
119 0
119 1
119 2
119 3
119 4
119 5
119 6
119 7
119 8
119 9
119 10
119 11
119 12
119 13
119 14
119 15
119 16
119 17
119 18
119 19
119 20
119 21
119 22
119 23
119 24
119 25
119 26
119 27
119 28
119 29
119 30
119 31
119 32
119 33
119 34
119 35
119 36
119 37
119 39
119 40
119 41
119 42
119 43
119 44
119 45
119 46
119 48
119 49
119 50
119 51
119 52
119 53
119 54
119 55
119 56
119 57
119 58
119 59
119 60
119 61
119 62
119 63
119 64
119 65
119 66
119 67
119 68
119 69
119 70
119 71
119 72
119 73
119 74
119 75
119 76
119 77
119 78
119 79
119 80
119 81
119 82
119 83
119 85
119 86
119 87
119 88
119 89
119 90
119 92
119 93
119 94
119 95
119 107
119 108
119 113
119 114
119 116
119 120
119 121
119 124
119 127
120 24
120 28
120 32
120 38
120 47
120 72
120 84
120 91
120 100
120 110
120 113
120 114
120 116
120 117
120 119
120 122
121 24
121 27
121 28
121 38
121 47
121 80
121 84
121 91
121 96
121 97
121 99
121 104
121 105
121 113
121 119
121 123
122 24
122 28
122 35
122 38
122 47
122 84
122 86
122 91
122 107
122 108
122 112
122 117
122 118
122 120
122 123
122 127
123 12
123 22
123 24
123 28
123 38
123 47
123 84
123 91
123 98
123 101
123 106
123 107
123 108
123 114
123 121
123 122
124 24
124 28
124 38
124 43
124 47
124 60
124 84
124 91
124 98
124 103
124 107
124 109
124 111
124 113
124 114
124 119
125 0
125 17
125 24
125 28
125 47
125 84
125 88
125 91
125 100
125 102
125 105
125 108
125 109
125 110
125 114
125 115
126 0
126 1
126 2
126 3
126 4
126 5
126 6
126 7
126 8
126 9
126 10
126 11
126 12
126 13
126 14
126 15
126 16
126 17
126 18
126 19
126 20
126 21
126 22
126 23
126 24
126 25
126 26
126 27
126 28
126 29
126 30
126 31
126 32
126 33
126 34
126 35
126 36
126 37
126 39
126 40
126 41
126 42
126 43
126 44
126 45
126 46
126 48
126 49
126 50
126 51
126 52
126 53
126 54
126 55
126 56
126 57
126 58
126 59
126 60
126 61
126 62
126 63
126 64
126 65
126 66
126 67
126 68
126 69
126 70
126 71
126 72
126 73
126 74
126 75
126 76
126 77
126 78
126 79
126 80
126 81
126 82
126 83
126 85
126 86
126 87
126 88
126 89
126 90
126 92
126 93
126 94
126 95
126 99
126 101
126 105
126 109
126 110
126 115
126 117
126 118
126 127
127 24
127 28
127 38
127 47
127 68
127 84
127 91
127 98
127 101
127 103
127 104
127 107
127 119
127 122
127 126
